Hugo_Symbol	Frame_Shift_Del	Frame_Shift_Ins	In_Frame_Del	In_Frame_Ins	Missense_Mutation	Nonsense_Mutation	Nonstop_Mutation	Splice_Site	total	MutatedSamples	AlteredSamples
KMT2C	0	0	1	0	6	0	0	0	7	6	6
ADAMTSL4	3	0	0	0	1	0	0	0	4	3	3
AHNAK2	0	0	0	0	4	0	0	0	4	3	3
ANKRD36C	1	0	0	0	3	0	0	0	4	3	3
BAGE2	0	0	0	0	2	0	0	2	4	3	3
DMBT1	0	0	0	0	2	1	0	0	3	3	3
FLT3LG	2	0	1	0	0	0	0	0	3	3	3
PDE4DIP	0	0	0	0	3	0	0	0	3	3	3
PRAMEF4	0	0	0	0	3	0	0	0	3	3	3
ALPP	0	0	2	0	1	0	0	0	3	2	2
MST1L	0	0	0	0	3	0	0	0	3	2	2
NOTCH2NL	0	0	0	0	3	0	0	0	3	2	2
PRB2	0	0	1	0	2	0	0	0	3	2	2
RPGRIP1	0	0	0	0	2	1	0	0	3	2	2
AIM2	1	1	0	0	0	0	0	0	2	2	2
AMMECR1	0	0	2	0	0	0	0	0	2	2	2
ATXN2L	0	0	0	0	2	0	0	0	2	2	2
B4GALNT4	0	0	0	0	2	0	0	0	2	2	2
BRD4	0	0	0	0	2	0	0	0	2	2	2
BRSK1	2	0	0	0	0	0	0	0	2	2	2
C11orf80	0	0	0	2	0	0	0	0	2	2	2
COL11A1	0	0	0	0	2	0	0	0	2	2	2
COL6A3	2	0	0	0	0	0	0	0	2	2	2
CSPG4	0	0	0	0	2	0	0	0	2	2	2
CTAGE6	0	0	0	0	2	0	0	0	2	2	2
DAZAP1	1	0	0	0	1	0	0	0	2	2	2
EGFR	0	0	1	0	1	0	0	0	2	2	2
FAM161B	0	0	0	0	2	0	0	0	2	2	2
FBLN2	0	0	0	0	0	1	0	1	2	2	2
FRG1	0	0	0	0	2	0	0	0	2	2	2
GPR32	0	0	0	0	2	0	0	0	2	2	2
GSAP	1	0	0	0	1	0	0	0	2	2	2
IRX5	0	0	0	0	2	0	0	0	2	2	2
MAP1LC3A	0	0	0	0	2	0	0	0	2	2	2
MUC4	0	0	1	0	1	0	0	0	2	2	2
MYRF	2	0	0	0	0	0	0	0	2	2	2
MYT1L	0	0	0	0	2	0	0	0	2	2	2
NBPF12	0	0	0	0	2	0	0	0	2	2	2
OR2L3	0	0	0	0	2	0	0	0	2	2	2
PCMTD1	0	0	0	0	2	0	0	0	2	2	2
PGAP2	0	0	0	0	2	0	0	0	2	2	2
PHACTR2	2	0	0	0	0	0	0	0	2	2	2
PHF21A	0	0	1	0	1	0	0	0	2	2	2
POU5F1B	1	0	0	0	0	1	0	0	2	2	2
PROM1	0	0	1	0	1	0	0	0	2	2	2
PSMA1	2	0	0	0	0	0	0	0	2	2	2
PTMA	0	0	0	0	0	0	2	0	2	2	2
PTPN23	1	0	0	0	1	0	0	0	2	2	2
RBM33	0	0	1	0	1	0	0	0	2	2	2
RHCE	0	0	0	0	2	0	0	0	2	2	2
RHPN2	0	0	0	0	1	1	0	0	2	2	2
RSPH6A	0	0	1	1	0	0	0	0	2	2	2
RTP1	0	0	0	0	2	0	0	0	2	2	2
RYR1	0	0	0	0	1	0	0	1	2	2	2
SEC63	1	1	0	0	0	0	0	0	2	2	2
SIGLEC11	0	0	0	0	2	0	0	0	2	2	2
SLFN13	0	0	0	0	2	0	0	0	2	2	2
TCF21	0	0	0	0	2	0	0	0	2	2	2
TGM3	0	0	0	0	2	0	0	0	2	2	2
VWA5B1	0	0	0	0	2	0	0	0	2	2	2
ZCCHC4	1	0	0	0	1	0	0	0	2	2	2
ZIC2	1	0	0	0	1	0	0	0	2	2	2
ZNF705G	0	0	0	0	2	0	0	0	2	2	2
ZNF99	0	0	0	0	2	0	0	0	2	2	2
ASPG	0	1	0	0	1	0	0	0	2	1	1
COG8	0	0	0	0	2	0	0	0	2	1	1
DDX60L	1	0	0	0	1	0	0	0	2	1	1
EVPL	0	0	0	0	2	0	0	0	2	1	1
FBN2	0	0	0	0	2	0	0	0	2	1	1
IGFN1	0	0	0	0	2	0	0	0	2	1	1
MAGEE1	0	0	2	0	0	0	0	0	2	1	1
MAN2B1	0	0	0	0	1	1	0	0	2	1	1
MAP2K2	0	0	0	0	1	0	0	1	2	1	1
MYOF	0	0	0	0	2	0	0	0	2	1	1
OR10H5	0	0	0	0	2	0	0	0	2	1	1
PCSK1	1	0	0	0	0	1	0	0	2	1	1
PRDX1	0	0	0	0	1	1	0	0	2	1	1
PTPN21	0	0	0	0	2	0	0	0	2	1	1
SLIT3	0	0	0	0	2	0	0	0	2	1	1
SPANXC	0	0	0	0	2	0	0	0	2	1	1
TCOF1	0	0	0	0	2	0	0	0	2	1	1
TRIM48	0	0	0	0	1	1	0	0	2	1	1
WBP1	1	1	0	0	0	0	0	0	2	1	1
ZNF347	0	0	0	0	2	0	0	0	2	1	1
ZNF728	0	0	0	0	2	0	0	0	2	1	1
AACS	1	0	0	0	0	0	0	0	1	1	1
AAMP	1	0	0	0	0	0	0	0	1	1	1
ABCA12	0	0	0	0	1	0	0	0	1	1	1
ABCA2	0	0	0	0	1	0	0	0	1	1	1
ABCA4	0	0	0	0	1	0	0	0	1	1	1
ABCC5	0	0	0	0	1	0	0	0	1	1	1
ABCD2	0	0	0	0	1	0	0	0	1	1	1
ABHD2	0	0	0	0	1	0	0	0	1	1	1
ABLIM3	0	0	0	0	1	0	0	0	1	1	1
ABR	0	0	0	0	1	0	0	0	1	1	1
ACIN1	1	0	0	0	0	0	0	0	1	1	1
ACTN2	1	0	0	0	0	0	0	0	1	1	1
ADAL	0	0	0	0	1	0	0	0	1	1	1
ADAM22	0	0	0	0	0	1	0	0	1	1	1
ADAMTS2	0	0	0	0	1	0	0	0	1	1	1
ADAMTS6	0	0	0	0	1	0	0	0	1	1	1
ADAMTSL2	0	0	0	0	1	0	0	0	1	1	1
ADAMTSL3	0	0	0	0	1	0	0	0	1	1	1
ADGRB1	0	0	0	0	1	0	0	0	1	1	1
ADGRE3	0	0	0	0	1	0	0	0	1	1	1
ADGRV1	0	0	0	0	0	1	0	0	1	1	1
ADORA2B	0	0	1	0	0	0	0	0	1	1	1
ADRA1D	0	0	0	0	1	0	0	0	1	1	1
ADSSL1	0	0	0	0	1	0	0	0	1	1	1
AFF3	0	0	0	0	1	0	0	0	1	1	1
AGL	0	0	0	0	0	1	0	0	1	1	1
AGXT	0	1	0	0	0	0	0	0	1	1	1
AHCY	0	0	0	0	1	0	0	0	1	1	1
AJAP1	0	0	1	0	0	0	0	0	1	1	1
AKAP13	0	0	0	0	1	0	0	0	1	1	1
AKAP8L	0	0	0	0	1	0	0	0	1	1	1
AKAP9	0	0	0	0	0	1	0	0	1	1	1
AKIP1	0	0	0	0	1	0	0	0	1	1	1
AKNA	0	0	0	0	1	0	0	0	1	1	1
AKT3	0	0	0	0	1	0	0	0	1	1	1
ALG13	0	0	0	0	1	0	0	0	1	1	1
ALPK2	0	0	0	0	1	0	0	0	1	1	1
AMBRA1	0	0	0	0	0	0	0	1	1	1	1
AMPD2	0	0	0	0	1	0	0	0	1	1	1
ANAPC5	0	0	0	0	1	0	0	0	1	1	1
ANKDD1A	0	0	0	0	1	0	0	0	1	1	1
ANKRD30A	0	0	0	0	1	0	0	0	1	1	1
ANKRD30B	0	0	0	0	0	0	0	1	1	1	1
ANKRD53	0	0	0	0	1	0	0	0	1	1	1
ANTXR1	0	0	0	0	1	0	0	0	1	1	1
APC	0	0	0	0	1	0	0	0	1	1	1
APOBEC1	0	0	0	0	1	0	0	0	1	1	1
APOBEC3H	0	0	0	0	1	0	0	0	1	1	1
APTX	0	0	0	0	1	0	0	0	1	1	1
ARFGEF1	0	0	0	0	1	0	0	0	1	1	1
ARFGEF3	0	0	0	0	1	0	0	0	1	1	1
ARHGAP22	0	0	0	0	1	0	0	0	1	1	1
ARHGAP33	0	0	0	0	1	0	0	0	1	1	1
ARHGAP5	0	0	0	0	1	0	0	0	1	1	1
ARHGEF12	0	0	0	0	1	0	0	0	1	1	1
ARHGEF40	0	0	0	0	1	0	0	0	1	1	1
ARHGEF7	0	0	0	0	1	0	0	0	1	1	1
ARID1A	0	0	0	0	1	0	0	0	1	1	1
ARID3C	0	0	0	0	1	0	0	0	1	1	1
ARL10	0	0	0	0	1	0	0	0	1	1	1
ARL13B	0	0	0	0	1	0	0	0	1	1	1
ARRB2	0	0	0	0	1	0	0	0	1	1	1
ARSI	0	0	0	0	1	0	0	0	1	1	1
ASB16	0	0	0	0	1	0	0	0	1	1	1
ASF1B	0	0	0	0	1	0	0	0	1	1	1
ASH1L	0	1	0	0	0	0	0	0	1	1	1
ASH2L	0	0	0	0	1	0	0	0	1	1	1
ATAD3A	0	0	0	0	1	0	0	0	1	1	1
ATAD3B	0	0	0	0	1	0	0	0	1	1	1
ATAD5	0	0	0	0	0	0	0	1	1	1	1
ATF7IP	0	0	0	0	1	0	0	0	1	1	1
ATG4D	1	0	0	0	0	0	0	0	1	1	1
ATP10A	0	0	0	0	1	0	0	0	1	1	1
ATP13A4	0	0	0	0	1	0	0	0	1	1	1
ATP9A	0	0	0	0	1	0	0	0	1	1	1
AUTS2	0	0	0	0	1	0	0	0	1	1	1
B4GALNT2	1	0	0	0	0	0	0	0	1	1	1
BCAM	1	0	0	0	0	0	0	0	1	1	1
BCKDHA	0	0	0	0	1	0	0	0	1	1	1
BCL2L2	0	0	0	0	1	0	0	0	1	1	1
BCL9	1	0	0	0	0	0	0	0	1	1	1
BCLAF1	0	0	0	0	1	0	0	0	1	1	1
BEGAIN	0	0	0	0	1	0	0	0	1	1	1
BEND5	1	0	0	0	0	0	0	0	1	1	1
BEST3	0	0	0	0	1	0	0	0	1	1	1
BHMT	1	0	0	0	0	0	0	0	1	1	1
BICRA	0	0	0	0	1	0	0	0	1	1	1
BNIP1	0	1	0	0	0	0	0	0	1	1	1
BRPF1	1	0	0	0	0	0	0	0	1	1	1
BRSK2	0	1	0	0	0	0	0	0	1	1	1
BRWD1	0	0	0	0	1	0	0	0	1	1	1
BTBD11	0	0	0	0	1	0	0	0	1	1	1
C11orf57	0	1	0	0	0	0	0	0	1	1	1
C19orf57	0	0	0	0	1	0	0	0	1	1	1
C1orf122	1	0	0	0	0	0	0	0	1	1	1
C1orf127	0	0	0	0	1	0	0	0	1	1	1
C2orf73	0	0	0	0	1	0	0	0	1	1	1
C3orf30	0	0	1	0	0	0	0	0	1	1	1
C6orf118	0	0	0	0	1	0	0	0	1	1	1
CACNA1A	0	0	0	0	0	0	0	1	1	1	1
CACNA1C	1	0	0	0	0	0	0	0	1	1	1
CACNA1G	0	0	1	0	0	0	0	0	1	1	1
CACNA1H	0	0	0	0	1	0	0	0	1	1	1
CACNB2	0	0	0	0	1	0	0	0	1	1	1
CALD1	1	0	0	0	0	0	0	0	1	1	1
CALR	0	0	0	0	1	0	0	0	1	1	1
CALY	0	0	0	0	1	0	0	0	1	1	1
CASP5	1	0	0	0	0	0	0	0	1	1	1
CBL	0	0	1	0	0	0	0	0	1	1	1
CBWD3	0	0	0	0	0	0	0	1	1	1	1
CCDC90B	0	0	0	0	1	0	0	0	1	1	1
CCNC	0	0	0	0	0	1	0	0	1	1	1
CCNK	0	0	0	0	1	0	0	0	1	1	1
CCZ1	0	0	0	0	1	0	0	0	1	1	1
CD101	1	0	0	0	0	0	0	0	1	1	1
CD40	0	0	0	0	0	1	0	0	1	1	1
CD93	1	0	0	0	0	0	0	0	1	1	1
CDAN1	0	0	0	0	1	0	0	0	1	1	1
CDC27	0	0	0	0	1	0	0	0	1	1	1
CDH10	0	0	0	0	0	1	0	0	1	1	1
CDK11A	0	0	0	1	0	0	0	0	1	1	1
CDK15	0	0	0	0	1	0	0	0	1	1	1
CDK18	0	0	0	0	1	0	0	0	1	1	1
CDKL3	0	0	1	0	0	0	0	0	1	1	1
CDKN2A	0	0	0	0	0	1	0	0	1	1	1
CDRT1	0	0	0	0	1	0	0	0	1	1	1
CDS2	0	0	0	0	0	0	0	1	1	1	1
CELSR2	0	0	0	0	1	0	0	0	1	1	1
CEP120	0	0	0	0	1	0	0	0	1	1	1
CEP170	0	0	0	0	0	1	0	0	1	1	1
CFAP36	0	1	0	0	0	0	0	0	1	1	1
CFAP47	0	0	0	0	1	0	0	0	1	1	1
CFAP99	0	0	0	0	1	0	0	0	1	1	1
CGB7	0	0	0	0	1	0	0	0	1	1	1
CHD1	0	0	0	0	1	0	0	0	1	1	1
CHEK1	0	1	0	0	0	0	0	0	1	1	1
CHIC1	0	0	1	0	0	0	0	0	1	1	1
CIDEA	0	0	0	0	1	0	0	0	1	1	1
CLCA2	0	0	0	0	1	0	0	0	1	1	1
CLPTM1L	0	0	0	0	1	0	0	0	1	1	1
CMTR1	0	0	0	0	1	0	0	0	1	1	1
CNDP1	0	0	0	0	1	0	0	0	1	1	1
CNTN5	0	0	0	0	1	0	0	0	1	1	1
CNTN6	1	0	0	0	0	0	0	0	1	1	1
COL15A1	0	0	0	0	1	0	0	0	1	1	1
COL18A1	0	0	0	0	1	0	0	0	1	1	1
COL4A6	0	0	0	0	1	0	0	0	1	1	1
COL5A3	1	0	0	0	0	0	0	0	1	1	1
COMMD10	1	0	0	0	0	0	0	0	1	1	1
COPB2	0	0	0	0	1	0	0	0	1	1	1
CPNE7	0	0	0	0	1	0	0	0	1	1	1
CREB3L2	1	0	0	0	0	0	0	0	1	1	1
CRK	0	0	0	0	1	0	0	0	1	1	1
CRTC1	1	0	0	0	0	0	0	0	1	1	1
CRYBG2	0	0	0	0	1	0	0	0	1	1	1
CSAG1	0	0	0	0	1	0	0	0	1	1	1
CSH2	0	0	0	0	1	0	0	0	1	1	1
CTH	0	0	0	0	1	0	0	0	1	1	1
CTNNB1	0	0	0	0	1	0	0	0	1	1	1
CTTNBP2NL	0	0	0	0	1	0	0	0	1	1	1
CUBN	0	0	0	0	1	0	0	0	1	1	1
CUL4A	0	0	0	0	1	0	0	0	1	1	1
CYHR1	1	0	0	0	0	0	0	0	1	1	1
CYP4A22	0	0	0	0	1	0	0	0	1	1	1
DAAM1	0	0	0	0	1	0	0	0	1	1	1
DAGLA	0	0	0	0	1	0	0	0	1	1	1
DBNL	0	0	0	0	1	0	0	0	1	1	1
DCHS1	0	0	0	0	0	1	0	0	1	1	1
DDX20	0	0	0	0	1	0	0	0	1	1	1
DDX27	0	0	1	0	0	0	0	0	1	1	1
DENND5B	0	0	0	0	1	0	0	0	1	1	1
DERL3	0	0	0	0	1	0	0	0	1	1	1
DGKG	0	0	0	0	1	0	0	0	1	1	1
DHRS4L2	0	0	0	0	0	1	0	0	1	1	1
DIXDC1	0	0	0	0	1	0	0	0	1	1	1
DLGAP3	1	0	0	0	0	0	0	0	1	1	1
DLX2	0	0	1	0	0	0	0	0	1	1	1
DLX6	1	0	0	0	0	0	0	0	1	1	1
DNAH17	0	0	0	0	1	0	0	0	1	1	1
DNAH7	0	0	0	0	1	0	0	0	1	1	1
DNAJC13	1	0	0	0	0	0	0	0	1	1	1
DNMT3A	0	0	0	0	1	0	0	0	1	1	1
DOK3	0	0	0	0	1	0	0	0	1	1	1
DOPEY2	0	0	0	0	1	0	0	0	1	1	1
DPP3	0	0	0	0	1	0	0	0	1	1	1
DPP4	0	0	0	0	1	0	0	0	1	1	1
DPPA3	0	0	0	0	1	0	0	0	1	1	1
DSG4	0	0	0	0	1	0	0	0	1	1	1
DTD2	0	0	0	0	1	0	0	0	1	1	1
DYRK1B	0	0	0	0	1	0	0	0	1	1	1
ECM2	1	0	0	0	0	0	0	0	1	1	1
EDIL3	0	0	0	0	1	0	0	0	1	1	1
EFS	0	0	0	0	1	0	0	0	1	1	1
EHD2	0	0	0	0	0	1	0	0	1	1	1
EIF3C	0	0	1	0	0	0	0	0	1	1	1
EIF5AL1	0	0	0	0	1	0	0	0	1	1	1
ELFN2	0	0	0	0	1	0	0	0	1	1	1
ENOX2	0	0	0	0	1	0	0	0	1	1	1
ENTPD3	0	0	0	0	1	0	0	0	1	1	1
EPHA2	0	0	0	0	1	0	0	0	1	1	1
EPPK1	0	0	0	0	1	0	0	0	1	1	1
ERGIC2	0	0	0	0	1	0	0	0	1	1	1
ERICH3	0	0	0	0	1	0	0	0	1	1	1
ERN2	0	0	0	0	1	0	0	0	1	1	1
ESPN	0	0	0	0	1	0	0	0	1	1	1
ETV4	0	0	0	0	1	0	0	0	1	1	1
EVL	1	0	0	0	0	0	0	0	1	1	1
EWSR1	0	0	0	0	1	0	0	0	1	1	1
EXTL1	0	0	1	0	0	0	0	0	1	1	1
FAIM	0	0	0	0	1	0	0	0	1	1	1
FAM110D	0	0	0	0	1	0	0	0	1	1	1
FAM129B	0	0	0	0	1	0	0	0	1	1	1
FAM135B	0	0	0	0	1	0	0	0	1	1	1
FAM170B	0	0	0	0	0	1	0	0	1	1	1
FAM186A	0	0	1	0	0	0	0	0	1	1	1
FAM19A2	0	0	0	0	1	0	0	0	1	1	1
FAM228A	0	0	0	0	1	0	0	0	1	1	1
FAM47C	0	0	0	0	1	0	0	0	1	1	1
FAM86C1	0	0	0	0	1	0	0	0	1	1	1
FAT1	0	0	0	0	1	0	0	0	1	1	1
FBLIM1	0	0	0	0	1	0	0	0	1	1	1
FBN3	0	0	0	0	1	0	0	0	1	1	1
FCGBP	0	0	0	0	1	0	0	0	1	1	1
FETUB	0	0	0	0	1	0	0	0	1	1	1
FHOD3	0	0	0	0	1	0	0	0	1	1	1
FKBP10	0	0	0	0	1	0	0	0	1	1	1
FMNL2	0	0	0	0	1	0	0	0	1	1	1
FN1	0	0	0	0	1	0	0	0	1	1	1
FNDC1	0	0	0	0	1	0	0	0	1	1	1
FOXC2	0	0	0	0	1	0	0	0	1	1	1
FOXD4	0	0	0	0	1	0	0	0	1	1	1
FOXN3	0	0	0	0	1	0	0	0	1	1	1
FRMPD1	1	0	0	0	0	0	0	0	1	1	1
FUT10	0	0	0	0	0	1	0	0	1	1	1
G3BP1	0	0	0	0	0	1	0	0	1	1	1
GABBR2	0	0	0	0	1	0	0	0	1	1	1
GABRA2	0	0	0	0	1	0	0	0	1	1	1
GABRA4	0	0	0	0	1	0	0	0	1	1	1
GABRR1	0	0	0	0	1	0	0	0	1	1	1
GALNT11	0	0	0	0	1	0	0	0	1	1	1
GALNT15	0	0	0	0	1	0	0	0	1	1	1
GBP4	0	0	0	0	1	0	0	0	1	1	1
GEMIN5	0	0	0	0	1	0	0	0	1	1	1
GFRA4	0	0	1	0	0	0	0	0	1	1	1
GJB4	0	0	0	0	1	0	0	0	1	1	1
GNPAT	0	0	0	0	1	0	0	0	1	1	1
GOLGA6A	0	0	0	0	1	0	0	0	1	1	1
GOLGA6L10	0	0	0	0	1	0	0	0	1	1	1
GOLT1A	1	0	0	0	0	0	0	0	1	1	1
GOLT1B	0	0	0	0	1	0	0	0	1	1	1
GPAM	0	0	0	0	1	0	0	0	1	1	1
GPATCH1	0	0	0	0	0	1	0	0	1	1	1
GPBP1	0	0	0	0	1	0	0	0	1	1	1
GPC3	0	0	1	0	0	0	0	0	1	1	1
GPN3	0	0	0	0	1	0	0	0	1	1	1
GPR142	0	0	0	0	1	0	0	0	1	1	1
GPR161	0	0	0	0	1	0	0	0	1	1	1
GPR37L1	0	0	1	0	0	0	0	0	1	1	1
GRB14	0	1	0	0	0	0	0	0	1	1	1
GREB1	0	0	0	0	1	0	0	0	1	1	1
GRID1	0	0	0	0	1	0	0	0	1	1	1
GRID2	0	0	0	0	1	0	0	0	1	1	1
GRIK2	0	0	0	0	1	0	0	0	1	1	1
GRIN2B	0	0	1	0	0	0	0	0	1	1	1
GRM7	0	0	0	0	1	0	0	0	1	1	1
GSDMD	0	0	0	0	1	0	0	0	1	1	1
GSTM5	0	0	0	0	1	0	0	0	1	1	1
GTF2F2	0	0	0	0	1	0	0	0	1	1	1
GTF3C3	0	1	0	0	0	0	0	0	1	1	1
HABP4	0	0	0	0	1	0	0	0	1	1	1
HASPIN	0	0	0	0	1	0	0	0	1	1	1
HDGFL2	0	0	0	0	0	1	0	0	1	1	1
HEATR5B	0	0	0	0	1	0	0	0	1	1	1
HEY2	0	0	0	0	1	0	0	0	1	1	1
HIST1H2AC	1	0	0	0	0	0	0	0	1	1	1
HIST2H2AB	0	0	0	0	1	0	0	0	1	1	1
HLA-DRB5	0	0	0	0	1	0	0	0	1	1	1
HLCS	0	0	0	0	1	0	0	0	1	1	1
HMCN1	0	0	0	0	1	0	0	0	1	1	1
HNRNPCL2	0	0	0	0	1	0	0	0	1	1	1
HOMEZ	1	0	0	0	0	0	0	0	1	1	1
HOXB2	1	0	0	0	0	0	0	0	1	1	1
HOXC9	0	0	1	0	0	0	0	0	1	1	1
HOXD12	0	0	0	0	1	0	0	0	1	1	1
HOXD3	1	0	0	0	0	0	0	0	1	1	1
HPCAL1	0	0	0	0	0	1	0	0	1	1	1
HRASLS5	0	0	0	0	1	0	0	0	1	1	1
HS6ST3	0	0	0	0	1	0	0	0	1	1	1
HSF1	0	0	0	0	1	0	0	0	1	1	1
HTRA3	0	0	0	0	1	0	0	0	1	1	1
IARS	1	0	0	0	0	0	0	0	1	1	1
IFNA17	0	0	0	0	1	0	0	0	1	1	1
IFT172	0	0	0	0	1	0	0	0	1	1	1
ING1	0	0	0	0	0	1	0	0	1	1	1
INMT	0	0	0	0	1	0	0	0	1	1	1
INO80E	0	1	0	0	0	0	0	0	1	1	1
INSC	0	0	0	0	0	0	0	1	1	1	1
INTS5	0	0	0	0	0	1	0	0	1	1	1
IPO11	0	0	0	0	1	0	0	0	1	1	1
IRS2	0	0	0	0	1	0	0	0	1	1	1
ITGA3	0	0	0	0	1	0	0	0	1	1	1
ITPKA	0	0	0	0	1	0	0	0	1	1	1
ITPR3	0	0	0	0	1	0	0	0	1	1	1
ITSN2	0	0	0	0	1	0	0	0	1	1	1
JMY	0	0	0	0	1	0	0	0	1	1	1
KALRN	0	0	0	0	1	0	0	0	1	1	1
KCNMA1	1	0	0	0	0	0	0	0	1	1	1
KDELC1	0	0	0	0	1	0	0	0	1	1	1
KEAP1	0	0	0	0	1	0	0	0	1	1	1
KIAA1324L	0	0	0	0	1	0	0	0	1	1	1
KIAA1468	0	0	0	0	1	0	0	0	1	1	1
KIAA1683	0	0	0	0	1	0	0	0	1	1	1
KIAA2026	0	0	1	0	0	0	0	0	1	1	1
KIF25	0	0	0	0	1	0	0	0	1	1	1
KLHL29	0	0	0	0	0	1	0	0	1	1	1
KLHL6	0	0	0	0	1	0	0	0	1	1	1
KLRC4	0	0	1	0	0	0	0	0	1	1	1
KRBOX4	0	0	1	0	0	0	0	0	1	1	1
KRT1	0	0	1	0	0	0	0	0	1	1	1
KRT10	0	0	0	0	1	0	0	0	1	1	1
KRT2	0	0	0	0	1	0	0	0	1	1	1
KRT38	0	0	0	0	1	0	0	0	1	1	1
KRT5	0	0	0	0	1	0	0	0	1	1	1
KRTAP10-2	0	0	0	0	1	0	0	0	1	1	1
KRTAP10-5	0	0	0	0	1	0	0	0	1	1	1
KRTAP10-6	0	0	0	0	1	0	0	0	1	1	1
KRTAP11-1	0	0	0	0	0	1	0	0	1	1	1
KRTAP2-3	0	0	1	0	0	0	0	0	1	1	1
KRTAP4-7	0	0	0	0	1	0	0	0	1	1	1
KRTAP4-9	0	0	0	0	1	0	0	0	1	1	1
KRTAP9-9	0	0	0	0	1	0	0	0	1	1	1
LAMA5	0	0	0	0	1	0	0	0	1	1	1
LAMC3	0	0	0	0	1	0	0	0	1	1	1
LARP1	0	0	0	0	0	0	0	1	1	1	1
LARP7	0	0	0	1	0	0	0	0	1	1	1
LCMT2	0	0	0	0	1	0	0	0	1	1	1
LDLR	0	0	0	0	1	0	0	0	1	1	1
LHCGR	0	0	0	0	1	0	0	0	1	1	1
LHX1	0	0	0	0	1	0	0	0	1	1	1
LILRA1	0	0	0	0	1	0	0	0	1	1	1
LILRA2	0	0	0	0	0	0	0	1	1	1	1
LILRA6	0	0	0	0	1	0	0	0	1	1	1
LILRB2	0	0	0	0	1	0	0	0	1	1	1
LILRB4	0	0	0	0	1	0	0	0	1	1	1
LIMK2	1	0	0	0	0	0	0	0	1	1	1
LINGO3	0	0	0	0	1	0	0	0	1	1	1
LLGL2	0	0	0	0	1	0	0	0	1	1	1
LMAN1	0	1	0	0	0	0	0	0	1	1	1
LOC729159	1	0	0	0	0	0	0	0	1	1	1
LOXL3	1	0	0	0	0	0	0	0	1	1	1
LRCH2	0	0	1	0	0	0	0	0	1	1	1
LRP1	0	0	0	0	1	0	0	0	1	1	1
LRP6	0	0	0	0	1	0	0	0	1	1	1
LRRC7	0	0	0	0	1	0	0	0	1	1	1
LRRIQ3	0	1	0	0	0	0	0	0	1	1	1
LSAMP	0	0	0	0	1	0	0	0	1	1	1
LSS	0	0	0	0	1	0	0	0	1	1	1
LTBP3	0	0	0	0	1	0	0	0	1	1	1
LTN1	0	0	0	0	1	0	0	0	1	1	1
LYPD1	0	0	0	0	1	0	0	0	1	1	1
MAATS1	0	0	0	0	1	0	0	0	1	1	1
MAB21L2	0	0	0	0	1	0	0	0	1	1	1
MAD2L1	0	0	0	0	1	0	0	0	1	1	1
MAGEC1	0	0	0	0	1	0	0	0	1	1	1
MAGEL2	0	0	0	0	1	0	0	0	1	1	1
MAP3K7	0	0	1	0	0	0	0	0	1	1	1
MARCH10	0	0	0	0	1	0	0	0	1	1	1
MC1R	0	0	0	0	1	0	0	0	1	1	1
MCM8	0	0	0	0	1	0	0	0	1	1	1
MDS2	0	0	0	1	0	0	0	0	1	1	1
MEGF6	0	0	0	0	1	0	0	0	1	1	1
METTL27	1	0	0	0	0	0	0	0	1	1	1
METTL9	0	0	0	0	1	0	0	0	1	1	1
MIA2	0	0	0	0	0	1	0	0	1	1	1
MIF4GD	0	0	1	0	0	0	0	0	1	1	1
MIS18BP1	1	0	0	0	0	0	0	0	1	1	1
MISP	0	0	0	0	1	0	0	0	1	1	1
MKI67	0	0	0	0	1	0	0	0	1	1	1
MKL2	0	0	0	0	1	0	0	0	1	1	1
MKNK2	0	0	0	0	1	0	0	0	1	1	1
MLLT6	0	0	0	0	1	0	0	0	1	1	1
MRC2	0	0	1	0	0	0	0	0	1	1	1
MRPS5	1	0	0	0	0	0	0	0	1	1	1
MSTN	0	0	0	0	1	0	0	0	1	1	1
MSX1	0	0	0	0	1	0	0	0	1	1	1
MT1HL1	0	0	0	0	1	0	0	0	1	1	1
MTA1	0	0	0	0	0	1	0	0	1	1	1
MTHFSD	0	0	0	0	1	0	0	0	1	1	1
MUC12	0	0	0	0	1	0	0	0	1	1	1
MUC16	0	0	0	0	0	0	0	1	1	1	1
MUC20	0	0	0	0	1	0	0	0	1	1	1
MUC5B	1	0	0	0	0	0	0	0	1	1	1
MYH1	0	0	0	0	1	0	0	0	1	1	1
MYH13	0	0	0	0	1	0	0	0	1	1	1
MYH14	0	0	0	0	1	0	0	0	1	1	1
MYH6	0	0	0	0	1	0	0	0	1	1	1
MYO15A	0	0	0	0	0	0	0	1	1	1	1
MYO18B	0	0	0	0	0	1	0	0	1	1	1
NAA15	0	0	0	0	1	0	0	0	1	1	1
NAA25	0	0	0	0	1	0	0	0	1	1	1
NABP2	0	0	0	0	1	0	0	0	1	1	1
NAV3	0	0	0	0	0	1	0	0	1	1	1
NBPF14	0	0	0	0	1	0	0	0	1	1	1
NBPF26	0	0	0	0	1	0	0	0	1	1	1
NBPF3	0	0	0	0	1	0	0	0	1	1	1
NCK2	0	0	0	0	1	0	0	0	1	1	1
NCL	0	0	0	0	1	0	0	0	1	1	1
NCOA3	0	0	0	0	1	0	0	0	1	1	1
NCOA7	0	0	0	0	1	0	0	0	1	1	1
NCOR1	0	0	0	0	1	0	0	0	1	1	1
NCOR2	1	0	0	0	0	0	0	0	1	1	1
NF1	0	0	0	0	0	1	0	0	1	1	1
NFE2L1	1	0	0	0	0	0	0	0	1	1	1
NFKBIZ	0	0	0	0	0	0	0	1	1	1	1
NGEF	0	0	0	0	1	0	0	0	1	1	1
NIPBL	1	0	0	0	0	0	0	0	1	1	1
NKX1-2	0	0	0	0	1	0	0	0	1	1	1
NKX2-1	0	0	0	0	1	0	0	0	1	1	1
NKX3-2	0	0	0	0	1	0	0	0	1	1	1
NLGN3	1	0	0	0	0	0	0	0	1	1	1
NLRC5	0	0	0	0	1	0	0	0	1	1	1
NLRP11	0	0	0	0	1	0	0	0	1	1	1
NLRP5	0	0	0	0	1	0	0	0	1	1	1
NME3	0	0	0	0	1	0	0	0	1	1	1
NOP56	0	0	0	0	1	0	0	0	1	1	1
NPAP1	0	0	0	0	1	0	0	0	1	1	1
NPAS3	0	0	0	0	1	0	0	0	1	1	1
NPEPPS	0	0	0	0	1	0	0	0	1	1	1
NPIPB6	0	0	0	0	1	0	0	0	1	1	1
NPSR1	0	0	0	0	1	0	0	0	1	1	1
NR2F1	0	0	0	0	1	0	0	0	1	1	1
NR4A2	0	0	0	0	0	1	0	0	1	1	1
NREP	0	0	0	0	1	0	0	0	1	1	1
NT5C3A	0	0	0	0	1	0	0	0	1	1	1
NTF3	0	0	0	0	1	0	0	0	1	1	1
NUTM2B	0	0	0	0	1	0	0	0	1	1	1
OR10H1	0	0	0	0	1	0	0	0	1	1	1
OR10T2	0	0	0	0	1	0	0	0	1	1	1
OR11H12	0	0	0	0	1	0	0	0	1	1	1
OR2L8	0	0	0	0	1	0	0	0	1	1	1
OR2T33	0	0	0	0	1	0	0	0	1	1	1
OR52D1	0	0	0	0	1	0	0	0	1	1	1
OR5D18	0	0	0	0	1	0	0	0	1	1	1
OR7A10	0	0	0	0	1	0	0	0	1	1	1
OR8G2P	0	0	0	0	1	0	0	0	1	1	1
OS9	0	0	0	0	1	0	0	0	1	1	1
OSBPL8	1	0	0	0	0	0	0	0	1	1	1
OTOG	0	0	0	0	1	0	0	0	1	1	1
P3H2	0	0	0	0	1	0	0	0	1	1	1
PABPC1	0	0	0	0	0	0	0	1	1	1	1
PALB2	0	0	0	0	1	0	0	0	1	1	1
PAPOLA	0	0	0	0	1	0	0	0	1	1	1
PARD3B	1	0	0	0	0	0	0	0	1	1	1
PARP8	0	0	0	0	1	0	0	0	1	1	1
PARP9	0	0	0	0	1	0	0	0	1	1	1
PCDHA1	0	0	0	0	1	0	0	0	1	1	1
PCDHA10	0	0	0	0	1	0	0	0	1	1	1
PCDHA3	0	0	0	0	1	0	0	0	1	1	1
PCDHA5	0	0	0	0	1	0	0	0	1	1	1
PCDHB12	0	0	0	0	1	0	0	0	1	1	1
PCDHB5	0	0	0	0	1	0	0	0	1	1	1
PCDHB7	0	0	0	0	1	0	0	0	1	1	1
PCNX1	0	0	0	0	1	0	0	0	1	1	1
PDGFRA	0	0	0	0	1	0	0	0	1	1	1
PDZD3	1	0	0	0	0	0	0	0	1	1	1
PDZD7	0	0	0	0	1	0	0	0	1	1	1
PER1	0	0	0	0	1	0	0	0	1	1	1
PER3	0	0	0	0	1	0	0	0	1	1	1
PEX5L	0	0	0	0	1	0	0	0	1	1	1
PGM5	0	0	0	0	1	0	0	0	1	1	1
PIK3R5	0	0	0	0	1	0	0	0	1	1	1
PINK1	0	0	0	0	1	0	0	0	1	1	1
PIP5K1A	0	0	0	0	1	0	0	0	1	1	1
PKHD1	0	0	0	0	1	0	0	0	1	1	1
PLA2G4C	0	0	0	0	0	1	0	0	1	1	1
PLAU	1	0	0	0	0	0	0	0	1	1	1
PLEKHA6	0	0	0	0	1	0	0	0	1	1	1
PLIN4	0	0	0	0	1	0	0	0	1	1	1
PLOD1	0	0	0	0	1	0	0	0	1	1	1
PLPP4	0	0	0	0	1	0	0	0	1	1	1
PLXDC2	0	0	0	0	1	0	0	0	1	1	1
PLXNA3	1	0	0	0	0	0	0	0	1	1	1
PMS2	0	0	0	0	1	0	0	0	1	1	1
PNKP	0	0	0	0	1	0	0	0	1	1	1
PNPLA2	0	1	0	0	0	0	0	0	1	1	1
PNPLA5	0	0	0	0	0	1	0	0	1	1	1
POLD1	0	0	0	0	1	0	0	0	1	1	1
POLD3	0	1	0	0	0	0	0	0	1	1	1
POTEC	0	0	0	0	1	0	0	0	1	1	1
POTEE	0	0	0	0	1	0	0	0	1	1	1
POTEH	0	0	0	0	1	0	0	0	1	1	1
POU1F1	0	0	0	0	1	0	0	0	1	1	1
PPEF2	0	0	0	0	1	0	0	0	1	1	1
PPP6R1	0	0	0	0	0	0	0	1	1	1	1
PRAMEF2	0	0	0	0	1	0	0	0	1	1	1
PRB4	0	0	0	0	1	0	0	0	1	1	1
PRDM15	0	0	0	0	1	0	0	0	1	1	1
PRDM2	0	0	0	0	1	0	0	0	1	1	1
PRDM8	1	0	0	0	0	0	0	0	1	1	1
PREPL	0	0	0	0	1	0	0	0	1	1	1
PRKAR1A	0	0	0	0	1	0	0	0	1	1	1
PRLR	0	0	0	0	1	0	0	0	1	1	1
PRM3	0	0	0	0	1	0	0	0	1	1	1
PROM2	0	0	0	0	1	0	0	0	1	1	1
PROSER1	0	0	0	0	1	0	0	0	1	1	1
PROSER2	1	0	0	0	0	0	0	0	1	1	1
PRPF38A	0	0	0	0	1	0	0	0	1	1	1
PRR29	0	0	1	0	0	0	0	0	1	1	1
PRRC2C	0	0	1	0	0	0	0	0	1	1	1
PRRT2	1	0	0	0	0	0	0	0	1	1	1
PRSS3	1	0	0	0	0	0	0	0	1	1	1
PRUNE2	0	0	0	0	0	1	0	0	1	1	1
PSG6	0	0	0	0	1	0	0	0	1	1	1
PSTPIP2	0	0	0	0	0	1	0	0	1	1	1
PTDSS1	0	0	0	0	0	1	0	0	1	1	1
PTOV1	0	0	0	0	1	0	0	0	1	1	1
PTPRM	0	0	0	0	1	0	0	0	1	1	1
PTPRO	0	0	0	0	1	0	0	0	1	1	1
PWP1	0	0	0	0	1	0	0	0	1	1	1
PXDN	0	0	0	0	0	1	0	0	1	1	1
PXDNL	0	0	0	0	1	0	0	0	1	1	1
PXK	0	0	0	0	1	0	0	0	1	1	1
R3HDM4	0	0	0	0	1	0	0	0	1	1	1
RAB2B	0	0	0	0	1	0	0	0	1	1	1
RAB34	0	0	0	0	1	0	0	0	1	1	1
RAB37	0	0	0	0	1	0	0	0	1	1	1
RABL6	0	0	1	0	0	0	0	0	1	1	1
RADIL	0	0	0	0	1	0	0	0	1	1	1
RAI1	0	0	0	0	1	0	0	0	1	1	1
RALGAPA1	0	0	0	0	1	0	0	0	1	1	1
RALGAPB	0	0	0	0	0	1	0	0	1	1	1
RANBP10	0	0	1	0	0	0	0	0	1	1	1
RANBP2	0	0	0	0	1	0	0	0	1	1	1
RAPH1	0	0	0	0	1	0	0	0	1	1	1
RASA1	0	0	0	0	1	0	0	0	1	1	1
RASGEF1B	0	1	0	0	0	0	0	0	1	1	1
RBM39	0	0	0	0	1	0	0	0	1	1	1
RBM45	1	0	0	0	0	0	0	0	1	1	1
RBMX	0	0	0	0	1	0	0	0	1	1	1
RBMXL1	0	0	0	0	1	0	0	0	1	1	1
RECQL	0	0	0	0	1	0	0	0	1	1	1
RELN	0	0	0	0	1	0	0	0	1	1	1
REN	0	0	0	0	1	0	0	0	1	1	1
RERE	0	0	0	0	1	0	0	0	1	1	1
REXO1	0	0	0	0	1	0	0	0	1	1	1
REXO5	1	0	0	0	0	0	0	0	1	1	1
RFPL1	0	0	0	0	1	0	0	0	1	1	1
RFPL3	0	0	0	0	1	0	0	0	1	1	1
RHD	0	0	0	0	1	0	0	0	1	1	1
RHOBTB2	0	0	1	0	0	0	0	0	1	1	1
RHPN1	0	0	0	0	1	0	0	0	1	1	1
RIMBP3	1	0	0	0	0	0	0	0	1	1	1
RNF145	0	0	0	0	1	0	0	0	1	1	1
RNF20	0	0	0	0	1	0	0	0	1	1	1
ROBO4	0	0	0	0	1	0	0	0	1	1	1
ROM1	0	1	0	0	0	0	0	0	1	1	1
RP1L1	0	0	0	0	0	1	0	0	1	1	1
RPL10L	0	0	0	0	0	1	0	0	1	1	1
RPL17	0	0	1	0	0	0	0	0	1	1	1
RPS27L	0	0	0	0	1	0	0	0	1	1	1
RPS3A	1	0	0	0	0	0	0	0	1	1	1
RPS6KL1	0	0	0	0	1	0	0	0	1	1	1
RPTN	0	0	1	0	0	0	0	0	1	1	1
RTTN	0	0	1	0	0	0	0	0	1	1	1
RYR2	0	1	0	0	0	0	0	0	1	1	1
SAA1	0	0	0	0	1	0	0	0	1	1	1
SAR1B	0	0	0	0	1	0	0	0	1	1	1
SCAF1	0	0	1	0	0	0	0	0	1	1	1
SCAF11	1	0	0	0	0	0	0	0	1	1	1
SCAF4	0	0	0	0	0	1	0	0	1	1	1
SCIMP	1	0	0	0	0	0	0	0	1	1	1
SCIN	0	0	0	0	1	0	0	0	1	1	1
SCOC	0	0	0	0	1	0	0	0	1	1	1
SDC4	0	0	0	0	1	0	0	0	1	1	1
SDF4	0	0	0	0	1	0	0	0	1	1	1
SDK1	1	0	0	0	0	0	0	0	1	1	1
SEC14L5	0	0	0	0	1	0	0	0	1	1	1
SEL1L2	0	0	0	0	1	0	0	0	1	1	1
SEMA3G	0	0	0	0	1	0	0	0	1	1	1
SEMA4F	1	0	0	0	0	0	0	0	1	1	1
SERPINB6	0	0	0	0	1	0	0	0	1	1	1
SETD1A	0	0	0	0	1	0	0	0	1	1	1
SETD6	0	0	0	0	1	0	0	0	1	1	1
SFT2D2	0	0	0	0	0	1	0	0	1	1	1
SGIP1	0	0	1	0	0	0	0	0	1	1	1
SH2B1	0	0	0	0	1	0	0	0	1	1	1
SH2D3C	0	0	0	0	1	0	0	0	1	1	1
SIPA1L1	0	0	0	0	1	0	0	0	1	1	1
SKIDA1	1	0	0	0	0	0	0	0	1	1	1
SLC25A2	1	0	0	0	0	0	0	0	1	1	1
SLC2A2	0	0	1	0	0	0	0	0	1	1	1
SLC2A7	0	0	0	0	1	0	0	0	1	1	1
SLC35F5	1	0	0	0	0	0	0	0	1	1	1
SLC38A10	1	0	0	0	0	0	0	0	1	1	1
SLC38A5	0	0	0	0	1	0	0	0	1	1	1
SLC44A1	0	0	0	0	1	0	0	0	1	1	1
SLC5A10	0	0	0	0	1	0	0	0	1	1	1
SLC5A3	1	0	0	0	0	0	0	0	1	1	1
SLC5A4	0	0	0	0	1	0	0	0	1	1	1
SLCO2B1	0	0	0	0	1	0	0	0	1	1	1
SMAD4	0	0	0	0	1	0	0	0	1	1	1
SMARCA1	0	0	0	0	1	0	0	0	1	1	1
SMARCA5	0	0	0	0	1	0	0	0	1	1	1
SMG1	0	0	0	0	1	0	0	0	1	1	1
SNED1	0	0	0	0	1	0	0	0	1	1	1
SNX2	0	0	0	0	1	0	0	0	1	1	1
SNX7	0	0	0	0	1	0	0	0	1	1	1
SPAG1	0	0	0	0	1	0	0	0	1	1	1
SPAG8	1	0	0	0	0	0	0	0	1	1	1
SPATA1	0	0	0	0	1	0	0	0	1	1	1
SPATA31C2	0	0	0	0	1	0	0	0	1	1	1
SPEN	0	0	0	0	1	0	0	0	1	1	1
SPG11	0	0	0	0	1	0	0	0	1	1	1
SPG7	0	0	0	0	1	0	0	0	1	1	1
SPINK5	0	0	0	0	1	0	0	0	1	1	1
SPTBN4	0	0	0	0	1	0	0	0	1	1	1
SPTLC1	0	0	0	0	1	0	0	0	1	1	1
SREBF2	0	0	0	0	1	0	0	0	1	1	1
SRPK3	1	0	0	0	0	0	0	0	1	1	1
SRSF1	1	0	0	0	0	0	0	0	1	1	1
SSC5D	0	0	1	0	0	0	0	0	1	1	1
SSH2	1	0	0	0	0	0	0	0	1	1	1
SSPO	0	0	0	0	1	0	0	0	1	1	1
STAC3	0	0	0	0	1	0	0	0	1	1	1
STAT5A	0	0	0	0	1	0	0	0	1	1	1
STX1B	0	0	0	0	1	0	0	0	1	1	1
STYX	0	0	0	0	1	0	0	0	1	1	1
SUN1	0	0	0	0	1	0	0	0	1	1	1
SUPT7L	0	0	1	0	0	0	0	0	1	1	1
SYCP1	1	0	0	0	0	0	0	0	1	1	1
SYNCRIP	0	0	0	0	1	0	0	0	1	1	1
SYNDIG1L	0	0	0	0	1	0	0	0	1	1	1
SYNJ2	1	0	0	0	0	0	0	0	1	1	1
SYNRG	1	0	0	0	0	0	0	0	1	1	1
TACR2	1	0	0	0	0	0	0	0	1	1	1
TAF1	0	0	0	0	1	0	0	0	1	1	1
TAF1C	0	0	0	0	0	1	0	0	1	1	1
TBC1D2B	0	0	0	0	0	1	0	0	1	1	1
TBCD	0	0	0	0	1	0	0	0	1	1	1
TBR1	0	0	0	0	1	0	0	0	1	1	1
TCF3	0	0	0	0	1	0	0	0	1	1	1
TDGF1	0	0	0	0	1	0	0	0	1	1	1
TELO2	1	0	0	0	0	0	0	0	1	1	1
TERB1	0	0	0	0	1	0	0	0	1	1	1
TEX2	0	0	0	0	1	0	0	0	1	1	1
TFAP2A	0	0	0	0	1	0	0	0	1	1	1
THAP7	0	0	0	0	1	0	0	0	1	1	1
THBS4	0	0	0	0	1	0	0	0	1	1	1
THRAP3	0	0	1	0	0	0	0	0	1	1	1
THSD7A	0	0	0	0	1	0	0	0	1	1	1
THUMPD2	1	0	0	0	0	0	0	0	1	1	1
TIMM44	1	0	0	0	0	0	0	0	1	1	1
TIMM50	0	0	0	0	1	0	0	0	1	1	1
TJP1	0	0	0	0	1	0	0	0	1	1	1
TLE4	0	0	0	0	1	0	0	0	1	1	1
TLN2	1	0	0	0	0	0	0	0	1	1	1
TM7SF2	0	0	0	0	1	0	0	0	1	1	1
TM9SF4	0	0	0	0	1	0	0	0	1	1	1
TMCC3	0	0	0	0	1	0	0	0	1	1	1
TMEFF2	0	0	0	0	0	1	0	0	1	1	1
TMEM126B	0	0	0	0	1	0	0	0	1	1	1
TMEM131	0	0	1	0	0	0	0	0	1	1	1
TMEM132C	0	0	0	0	1	0	0	0	1	1	1
TMEM139	0	0	0	0	1	0	0	0	1	1	1
TMEM184B	0	0	0	0	1	0	0	0	1	1	1
TMEM185B	0	0	0	0	1	0	0	0	1	1	1
TMEM199	0	0	0	0	1	0	0	0	1	1	1
TMIGD2	0	0	0	0	1	0	0	0	1	1	1
TMX3	0	0	0	0	0	1	0	0	1	1	1
TNFRSF11A	0	0	0	0	0	1	0	0	1	1	1
TNKS1BP1	0	0	0	0	1	0	0	0	1	1	1
TNN	1	0	0	0	0	0	0	0	1	1	1
TNRC18	0	0	0	0	1	0	0	0	1	1	1
TOM1	0	0	0	0	1	0	0	0	1	1	1
TOP1MT	0	0	0	0	1	0	0	0	1	1	1
TP53	0	0	0	0	0	1	0	0	1	1	1
TP53TG3D	0	0	0	0	1	0	0	0	1	1	1
TPH1	0	0	0	0	1	0	0	0	1	1	1
TPO	0	0	0	0	0	1	0	0	1	1	1
TRAPPC8	0	0	0	0	0	1	0	0	1	1	1
TRDN	0	0	0	0	1	0	0	0	1	1	1
TRIM29	0	0	0	0	1	0	0	0	1	1	1
TRPC4	0	0	0	0	1	0	0	0	1	1	1
TSC1	0	0	0	0	1	0	0	0	1	1	1
TSPAN32	0	0	0	0	1	0	0	0	1	1	1
TTC14	0	0	0	0	0	0	0	1	1	1	1
TTC24	0	0	0	0	1	0	0	0	1	1	1
TTC3	0	0	0	0	1	0	0	0	1	1	1
TTLL3	0	0	0	0	1	0	0	0	1	1	1
TTLL5	1	0	0	0	0	0	0	0	1	1	1
TTN	0	0	0	0	1	0	0	0	1	1	1
TULP2	0	0	0	0	1	0	0	0	1	1	1
TYMSOS	0	0	0	0	1	0	0	0	1	1	1
UBASH3A	0	0	0	0	1	0	0	0	1	1	1
UBE2O	1	0	0	0	0	0	0	0	1	1	1
UBR4	0	0	0	0	1	0	0	0	1	1	1
UGT1A1	0	0	0	0	1	0	0	0	1	1	1
UGT1A8	1	0	0	0	0	0	0	0	1	1	1
UNC93A	0	0	0	0	1	0	0	0	1	1	1
USH1C	0	0	0	0	1	0	0	0	1	1	1
USP25	0	0	0	0	1	0	0	0	1	1	1
USP40	0	1	0	0	0	0	0	0	1	1	1
UTRN	0	0	0	0	1	0	0	0	1	1	1
VASP	0	0	0	0	1	0	0	0	1	1	1
VILL	0	0	0	0	0	0	0	1	1	1	1
VPS29	0	0	1	0	0	0	0	0	1	1	1
VPS36	0	0	0	0	1	0	0	0	1	1	1
VRK2	0	0	1	0	0	0	0	0	1	1	1
VSIG2	0	0	0	0	1	0	0	0	1	1	1
WASF2	0	0	1	0	0	0	0	0	1	1	1
WBP11	1	0	0	0	0	0	0	0	1	1	1
WDR59	0	0	0	0	1	0	0	0	1	1	1
WDR87	0	0	1	0	0	0	0	0	1	1	1
WIPF3	0	0	0	0	1	0	0	0	1	1	1
XAB2	1	0	0	0	0	0	0	0	1	1	1
XPOT	1	0	0	0	0	0	0	0	1	1	1
YIPF4	0	0	0	0	0	1	0	0	1	1	1
YWHAZ	0	0	0	0	1	0	0	0	1	1	1
ZBTB17	0	0	0	0	0	0	0	1	1	1	1
ZC3H4	0	0	0	0	1	0	0	0	1	1	1
ZDHHC11	0	0	0	0	1	0	0	0	1	1	1
ZDHHC14	0	0	0	0	1	0	0	0	1	1	1
ZFHX3	0	0	0	0	1	0	0	0	1	1	1
ZFYVE1	0	0	1	0	0	0	0	0	1	1	1
ZFYVE26	0	0	0	0	0	0	0	1	1	1	1
ZKSCAN7	0	0	1	0	0	0	0	0	1	1	1
ZMYM5	0	0	0	0	1	0	0	0	1	1	1
ZNF141	0	0	0	0	1	0	0	0	1	1	1
ZNF184	0	0	0	0	1	0	0	0	1	1	1
ZNF417	0	0	0	0	1	0	0	0	1	1	1
ZNF469	0	0	0	0	1	0	0	0	1	1	1
ZNF480	0	0	0	0	0	1	0	0	1	1	1
ZNF491	0	0	0	0	1	0	0	0	1	1	1
ZNF530	0	0	0	0	1	0	0	0	1	1	1
ZNF560	0	0	0	0	1	0	0	0	1	1	1
ZNF570	0	0	0	0	1	0	0	0	1	1	1
ZNF578	0	0	0	0	1	0	0	0	1	1	1
ZNF598	0	0	1	0	0	0	0	0	1	1	1
ZNF608	0	0	1	0	0	0	0	0	1	1	1
ZNF638	0	0	0	0	1	0	0	0	1	1	1
ZNF672	0	0	0	0	1	0	0	0	1	1	1
ZNF679	0	0	0	0	0	1	0	0	1	1	1
ZNF718	0	0	0	0	0	0	0	1	1	1	1
ZNF765	0	0	0	0	1	0	0	0	1	1	1
ZNF804B	0	0	0	0	1	0	0	0	1	1	1
ZNF821	0	0	0	0	1	0	0	0	1	1	1
ZNF831	0	1	0	0	0	0	0	0	1	1	1
ZNF850	0	0	0	0	1	0	0	0	1	1	1
ZP3	0	0	0	0	1	0	0	0	1	1	1
ZP4	0	0	0	0	1	0	0	0	1	1	1
ZSWIM2	0	0	0	0	1	0	0	0	1	1	1
ZSWIM8	1	0	0	0	0	0	0	0	1	1	1
ZXDB	0	0	0	0	1	0	0	0	1	1	1
ZYG11A	0	0	0	0	1	0	0	0	1	1	1
