	Hugo_Symbol	Frame_Shift_Del	Frame_Shift_Ins	In_Frame_Del	In_Frame_Ins	Missense_Mutation	Nonsense_Mutation	Nonstop_Mutation	Splice_Site	total	MutatedSamples	AlteredSamples
1	AHNAK2	0	0	0	0	5	0	0	0	5	4	4
2	KMT2C	0	0	0	0	5	0	0	0	5	3	3
3	MST1L	0	0	0	0	4	0	0	0	4	3	3
4	MUC17	0	0	0	0	4	0	0	0	4	3	3
5	ANAPC1	0	0	0	0	3	0	0	0	3	3	3
6	HDAC2	2	1	0	0	0	0	0	0	3	3	3
7	PDE4DIP	0	0	0	0	3	0	0	0	3	3	3
8	SSPO	1	0	0	0	2	0	0	0	3	3	3
9	ZIC2	2	0	0	0	1	0	0	0	3	3	3
10	FRG1	0	0	0	0	4	0	0	0	4	2	2
11	ANKRD36C	2	0	0	0	1	0	0	0	3	2	2
12	ATAD3B	0	0	0	0	3	0	0	0	3	2	2
13	BAGE2	0	0	0	0	0	1	0	2	3	2	2
14	ZDHHC11	0	0	0	0	3	0	0	0	3	2	2
15	ABCC5	1	1	0	0	0	0	0	0	2	2	2
16	ACIN1	1	0	0	0	1	0	0	0	2	2	2
17	AFDN	1	0	1	0	0	0	0	0	2	2	2
18	AGXT	0	2	0	0	0	0	0	0	2	2	2
19	ALPP	0	0	1	0	1	0	0	0	2	2	2
20	ASH1L	0	2	0	0	0	0	0	0	2	2	2
21	CFTR	0	0	0	0	2	0	0	0	2	2	2
22	CNOT3	2	0	0	0	0	0	0	0	2	2	2
23	DIAPH2	2	0	0	0	0	0	0	0	2	2	2
24	DLGAP2	0	0	0	0	2	0	0	0	2	2	2
25	EGFR	0	0	1	0	1	0	0	0	2	2	2
26	EVL	0	1	0	0	1	0	0	0	2	2	2
27	FLG	1	0	0	0	1	0	0	0	2	2	2
28	IRX5	0	0	0	0	2	0	0	0	2	2	2
29	LAMA5	0	0	0	0	1	0	0	1	2	2	2
30	MAN2C1	1	0	0	0	1	0	0	0	2	2	2
31	MAPK8IP3	0	0	1	0	1	0	0	0	2	2	2
32	MLLT6	0	0	0	0	2	0	0	0	2	2	2
33	MUC4	0	0	0	0	2	0	0	0	2	2	2
34	MYH13	0	0	0	0	2	0	0	0	2	2	2
35	MYH7	0	0	0	0	1	0	0	1	2	2	2
36	MYT1L	0	0	0	0	2	0	0	0	2	2	2
37	NF1	0	0	0	0	1	1	0	0	2	2	2
38	NRXN2	0	2	0	0	0	0	0	0	2	2	2
39	PCMTD1	0	0	0	0	2	0	0	0	2	2	2
40	PRRT2	1	0	0	0	1	0	0	0	2	2	2
41	RHPN2	0	0	0	0	1	1	0	0	2	2	2
42	RTP1	0	0	0	0	2	0	0	0	2	2	2
43	SMARCC2	2	0	0	0	0	0	0	0	2	2	2
44	STAT5B	2	0	0	0	0	0	0	0	2	2	2
45	TCERG1	0	0	0	0	2	0	0	0	2	2	2
46	TENM4	0	0	1	0	1	0	0	0	2	2	2
47	TNFRSF18	0	0	0	0	2	0	0	0	2	2	2
48	WBP1	0	2	0	0	0	0	0	0	2	2	2
49	WDR90	2	0	0	0	0	0	0	0	2	2	2
50	ZNF727	0	0	0	0	2	0	0	0	2	2	2
51	APOBEC3H	0	0	1	0	1	0	0	0	2	1	1
52	BICRA	0	0	0	0	2	0	0	0	2	1	1
53	ELFN2	0	0	0	0	2	0	0	0	2	1	1
54	FBN2	0	0	0	0	2	0	0	0	2	1	1
55	GUSB	0	0	0	0	2	0	0	0	2	1	1
56	HEATR5B	0	0	0	0	2	0	0	0	2	1	1
57	LAMB4	0	0	0	0	1	0	0	1	2	1	1
58	LRP1	0	0	0	0	2	0	0	0	2	1	1
59	NOS2	0	0	0	0	1	0	0	1	2	1	1
60	OR10H1	0	0	0	0	2	0	0	0	2	1	1
61	RBMX	0	1	0	0	1	0	0	0	2	1	1
62	RCOR2	0	0	0	0	2	0	0	0	2	1	1
63	RNF212	1	0	0	1	0	0	0	0	2	1	1
64	SYNDIG1L	0	0	0	0	2	0	0	0	2	1	1
65	AASDH	1	0	0	0	0	0	0	0	1	1	1
66	AATK	0	0	0	0	0	0	1	0	1	1	1
67	ABCA12	0	0	0	0	1	0	0	0	1	1	1
68	ABCB1	0	0	0	0	1	0	0	0	1	1	1
69	ABCB5	0	0	0	0	1	0	0	0	1	1	1
70	ABHD17A	0	0	0	0	1	0	0	0	1	1	1
71	ABL2	0	0	0	0	0	1	0	0	1	1	1
72	ABLIM3	0	0	0	0	1	0	0	0	1	1	1
73	ABR	0	0	0	0	1	0	0	0	1	1	1
74	ACADSB	0	0	0	0	1	0	0	0	1	1	1
75	ACOT9	0	0	0	0	1	0	0	0	1	1	1
76	ACPP	0	0	0	0	1	0	0	0	1	1	1
77	ACSL6	0	0	0	0	1	0	0	0	1	1	1
78	ACTG2	0	0	0	0	1	0	0	0	1	1	1
79	ACTN2	1	0	0	0	0	0	0	0	1	1	1
80	ADAL	0	0	0	0	1	0	0	0	1	1	1
81	ADAMTS16	0	0	0	0	1	0	0	0	1	1	1
82	ADAMTS6	0	0	0	0	1	0	0	0	1	1	1
83	ADAMTSL2	0	0	0	0	1	0	0	0	1	1	1
84	ADAMTSL4	0	0	0	0	1	0	0	0	1	1	1
85	ADGRG2	0	0	0	0	1	0	0	0	1	1	1
86	ADGRG7	0	0	0	0	0	1	0	0	1	1	1
87	ADGRV1	0	0	0	0	0	1	0	0	1	1	1
88	ADNP2	0	1	0	0	0	0	0	0	1	1	1
89	ADRA2B	0	0	0	0	1	0	0	0	1	1	1
90	ADSSL1	0	0	0	0	1	0	0	0	1	1	1
91	AGAP2	0	0	0	0	1	0	0	0	1	1	1
92	AGO4	0	0	0	0	1	0	0	0	1	1	1
93	AHNAK	0	0	0	0	1	0	0	0	1	1	1
94	AHRR	0	0	0	0	1	0	0	0	1	1	1
95	AIP	0	0	0	0	1	0	0	0	1	1	1
96	ALOX5	0	0	0	0	1	0	0	0	1	1	1
97	AMMECR1	0	0	1	0	0	0	0	0	1	1	1
98	AMOT	0	0	1	0	0	0	0	0	1	1	1
99	AMY2B	0	0	0	0	1	0	0	0	1	1	1
100	ANKRD17	0	0	0	0	1	0	0	0	1	1	1
101	ANKRD30A	0	0	0	0	1	0	0	0	1	1	1
102	ANKRD53	0	0	0	0	1	0	0	0	1	1	1
103	ANO10	1	0	0	0	0	0	0	0	1	1	1
104	ANTXR2	1	0	0	0	0	0	0	0	1	1	1
105	APC	0	0	0	0	1	0	0	0	1	1	1
106	APOA2	0	0	0	0	1	0	0	0	1	1	1
107	APOC1	0	0	0	0	1	0	0	0	1	1	1
108	AQP10	0	0	0	0	1	0	0	0	1	1	1
109	ARF3	0	0	0	0	1	0	0	0	1	1	1
110	ARHGAP22	0	0	0	0	1	0	0	0	1	1	1
111	ARHGAP25	0	0	0	0	1	0	0	0	1	1	1
112	ARHGEF11	0	0	0	0	0	1	0	0	1	1	1
113	ARHGEF3	0	0	0	0	1	0	0	0	1	1	1
114	ARHGEF40	0	0	0	0	1	0	0	0	1	1	1
115	ARID1A	0	0	0	0	1	0	0	0	1	1	1
116	ARID1B	0	0	0	0	1	0	0	0	1	1	1
117	ARSI	0	0	0	0	1	0	0	0	1	1	1
118	ASH2L	0	0	0	0	1	0	0	0	1	1	1
119	ATF7IP	0	0	0	0	1	0	0	0	1	1	1
120	ATP13A4	0	0	0	0	1	0	0	0	1	1	1
121	ATP23	0	0	0	0	1	0	0	0	1	1	1
122	BBX	0	0	0	0	1	0	0	0	1	1	1
123	BCAS3	0	1	0	0	0	0	0	0	1	1	1
124	BCL2L13	0	0	1	0	0	0	0	0	1	1	1
125	BCL2L2	0	0	0	0	1	0	0	0	1	1	1
126	BCLAF1	0	0	0	0	1	0	0	0	1	1	1
127	BCOR	0	0	0	0	1	0	0	0	1	1	1
128	BEND5	0	0	0	0	1	0	0	0	1	1	1
129	BEST3	0	0	0	0	1	0	0	0	1	1	1
130	BLK	0	0	0	0	1	0	0	0	1	1	1
131	BRPF3	1	0	0	0	0	0	0	0	1	1	1
132	BRSK2	0	0	0	0	1	0	0	0	1	1	1
133	BRWD1	0	0	0	0	1	0	0	0	1	1	1
134	BTBD11	0	0	0	0	1	0	0	0	1	1	1
135	C11orf80	0	0	0	1	0	0	0	0	1	1	1
136	C1QTNF5	0	0	0	0	0	1	0	0	1	1	1
137	C1orf112	0	0	0	0	1	0	0	0	1	1	1
138	C2CD6	0	0	0	0	1	0	0	0	1	1	1
139	C7orf33	0	0	0	0	1	0	0	0	1	1	1
140	CACNA1A	0	0	1	0	0	0	0	0	1	1	1
141	CACNA1G	1	0	0	0	0	0	0	0	1	1	1
142	CACNB2	0	0	0	0	1	0	0	0	1	1	1
143	CALY	0	0	0	0	1	0	0	0	1	1	1
144	CAPN14	0	0	0	0	1	0	0	0	1	1	1
145	CAPS2	0	0	0	0	1	0	0	0	1	1	1
146	CASS4	0	0	0	0	1	0	0	0	1	1	1
147	CBL	0	0	1	0	0	0	0	0	1	1	1
148	CBWD3	0	0	0	0	0	0	0	1	1	1	1
149	CCDC114	0	0	0	0	1	0	0	0	1	1	1
150	CCDC66	0	0	0	0	0	1	0	0	1	1	1
151	CCM2	0	0	0	0	1	0	0	0	1	1	1
152	CCT8L2	0	0	0	0	1	0	0	0	1	1	1
153	CCZ1	0	0	0	0	1	0	0	0	1	1	1
154	CD163	0	0	0	0	0	1	0	0	1	1	1
155	CD276	0	0	0	0	1	0	0	0	1	1	1
156	CD33	1	0	0	0	0	0	0	0	1	1	1
157	CD93	1	0	0	0	0	0	0	0	1	1	1
158	CDC42EP1	0	0	0	0	1	0	0	0	1	1	1
159	CDH10	0	0	0	0	0	1	0	0	1	1	1
160	CDK11A	0	0	0	1	0	0	0	0	1	1	1
161	CDKN2A	0	0	0	0	0	1	0	0	1	1	1
162	CDS2	0	0	0	0	0	0	0	1	1	1	1
163	CELSR3	0	0	0	0	1	0	0	0	1	1	1
164	CEP170B	0	0	0	0	1	0	0	0	1	1	1
165	CEP290	0	1	0	0	0	0	0	0	1	1	1
166	CES2	0	0	0	0	1	0	0	0	1	1	1
167	CFAP36	0	1	0	0	0	0	0	0	1	1	1
168	CFAP47	0	0	0	0	1	0	0	0	1	1	1
169	CFAP99	0	0	0	0	1	0	0	0	1	1	1
170	CGB7	0	0	0	0	1	0	0	0	1	1	1
171	CGNL1	0	0	0	0	1	0	0	0	1	1	1
172	CHEK1	0	1	0	0	0	0	0	0	1	1	1
173	CMTR1	0	0	0	0	1	0	0	0	1	1	1
174	CNOT2	0	0	0	0	0	0	0	1	1	1	1
175	CNTN5	0	0	0	0	1	0	0	0	1	1	1
176	COL13A1	0	0	0	0	0	0	0	1	1	1	1
177	COL1A2	0	0	0	0	1	0	0	0	1	1	1
178	COL20A1	0	0	0	0	1	0	0	0	1	1	1
179	COL6A3	1	0	0	0	0	0	0	0	1	1	1
180	COL9A3	0	0	0	0	1	0	0	0	1	1	1
181	COX5A	1	0	0	0	0	0	0	0	1	1	1
182	CPNE7	0	0	0	0	1	0	0	0	1	1	1
183	CRAMP1	0	0	0	0	1	0	0	0	1	1	1
184	CRK	0	0	0	0	1	0	0	0	1	1	1
185	CRNKL1	0	0	0	0	1	0	0	0	1	1	1
186	CSF2RB	0	0	0	0	1	0	0	0	1	1	1
187	CSH2	0	0	0	0	1	0	0	0	1	1	1
188	CSPG4	0	0	0	0	1	0	0	0	1	1	1
189	CTAGE6	0	0	0	0	1	0	0	0	1	1	1
190	CTDP1	0	0	0	0	1	0	0	0	1	1	1
191	CTNNB1	0	0	0	0	1	0	0	0	1	1	1
192	CTRB2	0	0	0	0	1	0	0	0	1	1	1
193	CWF19L2	0	0	0	0	1	0	0	0	1	1	1
194	CX3CR1	0	1	0	0	0	0	0	0	1	1	1
195	CYP4F12	0	0	0	0	1	0	0	0	1	1	1
196	CYTH4	0	0	0	0	0	0	0	1	1	1	1
197	DAGLA	0	0	0	0	1	0	0	0	1	1	1
198	DAGLB	0	0	0	0	1	0	0	0	1	1	1
199	DBNL	0	0	0	0	1	0	0	0	1	1	1
200	DDX1	1	0	0	0	0	0	0	0	1	1	1
201	DDX5	0	0	1	0	0	0	0	0	1	1	1
202	DDX54	0	0	1	0	0	0	0	0	1	1	1
203	DDX60L	1	0	0	0	0	0	0	0	1	1	1
204	DENND1C	1	0	0	0	0	0	0	0	1	1	1
205	DENND5B	0	0	0	0	1	0	0	0	1	1	1
206	DGKG	0	0	0	0	1	0	0	0	1	1	1
207	DLEC1	0	0	0	0	1	0	0	0	1	1	1
208	DMRTC2	0	0	0	0	1	0	0	0	1	1	1
209	DNA2	1	0	0	0	0	0	0	0	1	1	1
210	DNAH17	0	0	0	0	1	0	0	0	1	1	1
211	DNAH7	0	0	0	0	1	0	0	0	1	1	1
212	DNAJC1	0	0	1	0	0	0	0	0	1	1	1
213	DNMT3A	0	0	0	0	1	0	0	0	1	1	1
214	DOK3	0	0	0	0	1	0	0	0	1	1	1
215	DPP3	0	0	0	0	1	0	0	0	1	1	1
216	DPP6	0	0	0	0	0	0	0	1	1	1	1
217	DPYD	0	0	0	0	1	0	0	0	1	1	1
218	DSCAM	0	0	1	0	0	0	0	0	1	1	1
219	DTD2	0	0	0	0	1	0	0	0	1	1	1
220	EBPL	0	0	0	0	0	1	0	0	1	1	1
221	EFS	0	0	0	0	1	0	0	0	1	1	1
222	EP400	0	0	0	0	1	0	0	0	1	1	1
223	ERF	0	0	0	0	1	0	0	0	1	1	1
224	ERGIC2	0	0	0	0	1	0	0	0	1	1	1
225	ERICH3	0	0	0	0	1	0	0	0	1	1	1
226	ERN2	0	0	0	0	1	0	0	0	1	1	1
227	ERP44	1	0	0	0	0	0	0	0	1	1	1
228	ETV3	1	0	0	0	0	0	0	0	1	1	1
229	EVPL	0	0	0	0	1	0	0	0	1	1	1
230	FAM103A1	1	0	0	0	0	0	0	0	1	1	1
231	FAM105A	0	0	0	0	1	0	0	0	1	1	1
232	FAM118A	0	0	0	0	1	0	0	0	1	1	1
233	FAM129B	0	0	0	0	1	0	0	0	1	1	1
234	FAM135B	0	0	0	0	1	0	0	0	1	1	1
235	FAM155A	0	0	1	0	0	0	0	0	1	1	1
236	FAM170B	0	0	0	0	0	1	0	0	1	1	1
237	FAM19A2	0	0	0	0	1	0	0	0	1	1	1
238	FAM3D	0	0	0	0	1	0	0	0	1	1	1
239	FAM47C	0	0	0	0	1	0	0	0	1	1	1
240	FAM57B	1	0	0	0	0	0	0	0	1	1	1
241	FANCA	0	0	0	0	1	0	0	0	1	1	1
242	FANK1	0	0	0	0	1	0	0	0	1	1	1
243	FAT1	0	0	0	0	1	0	0	0	1	1	1
244	FBLN2	0	0	0	0	0	1	0	0	1	1	1
245	FBXL4	0	0	0	0	1	0	0	0	1	1	1
246	FBXW7	0	0	0	0	1	0	0	0	1	1	1
247	FETUB	0	0	0	0	1	0	0	0	1	1	1
248	FGF17	0	0	0	0	1	0	0	0	1	1	1
249	FGFR1OP2	0	0	0	0	1	0	0	0	1	1	1
250	FHOD3	0	0	0	0	1	0	0	0	1	1	1
251	FKBP10	0	0	0	0	1	0	0	0	1	1	1
252	FKBP8	0	0	0	0	1	0	0	0	1	1	1
253	FLT3LG	0	0	0	0	0	0	0	1	1	1	1
254	FLT4	1	0	0	0	0	0	0	0	1	1	1
255	FNDC1	0	0	0	0	1	0	0	0	1	1	1
256	FOXB2	0	0	0	0	1	0	0	0	1	1	1
257	FOXC2	0	0	0	0	1	0	0	0	1	1	1
258	FOXD4L1	0	0	0	0	1	0	0	0	1	1	1
259	FOXD4L5	0	0	0	0	1	0	0	0	1	1	1
260	FOXL1	1	0	0	0	0	0	0	0	1	1	1
261	FOXN3	0	0	0	0	1	0	0	0	1	1	1
262	FRMPD1	1	0	0	0	0	0	0	0	1	1	1
263	FTMT	0	0	0	0	1	0	0	0	1	1	1
264	FXR1	1	0	0	0	0	0	0	0	1	1	1
265	GAA	0	0	0	0	0	1	0	0	1	1	1
266	GABBR2	0	0	0	0	1	0	0	0	1	1	1
267	GABRA2	0	0	0	0	1	0	0	0	1	1	1
268	GABRB1	0	0	0	0	1	0	0	0	1	1	1
269	GBX2	0	0	0	0	1	0	0	0	1	1	1
270	GCNA	0	0	0	0	1	0	0	0	1	1	1
271	GEMIN5	0	0	0	0	1	0	0	0	1	1	1
272	GGT2	0	0	0	0	1	0	0	0	1	1	1
273	GLRA2	0	0	1	0	0	0	0	0	1	1	1
274	GOLGA3	0	0	0	0	1	0	0	0	1	1	1
275	GOLGA6A	0	0	0	0	1	0	0	0	1	1	1
276	GOLIM4	0	0	0	0	1	0	0	0	1	1	1
277	GPAT2	0	0	0	0	1	0	0	0	1	1	1
278	GPR142	0	0	0	0	1	0	0	0	1	1	1
279	GPR32	0	0	0	0	1	0	0	0	1	1	1
280	GPR37L1	0	0	1	0	0	0	0	0	1	1	1
281	GREB1	0	0	0	0	1	0	0	0	1	1	1
282	GRHL2	0	0	0	0	1	0	0	0	1	1	1
283	GRID1	0	0	0	0	1	0	0	0	1	1	1
284	GRIK2	0	0	0	0	1	0	0	0	1	1	1
285	GRM7	0	0	0	0	1	0	0	0	1	1	1
286	GSAP	1	0	0	0	0	0	0	0	1	1	1
287	HCAR1	0	0	0	0	1	0	0	0	1	1	1
288	HCAR3	0	0	0	0	1	0	0	0	1	1	1
289	HDAC9	0	0	0	0	1	0	0	0	1	1	1
290	HDGFL2	0	0	0	0	1	0	0	0	1	1	1
291	HEATR3	0	0	0	0	1	0	0	0	1	1	1
292	HES7	1	0	0	0	0	0	0	0	1	1	1
293	HIRA	0	0	0	0	1	0	0	0	1	1	1
294	HIST1H2AC	1	0	0	0	0	0	0	0	1	1	1
295	HIST1H3I	0	0	0	0	1	0	0	0	1	1	1
296	HIST2H2AB	0	0	0	0	1	0	0	0	1	1	1
297	HLCS	0	0	0	0	1	0	0	0	1	1	1
298	HMCN1	0	0	0	0	1	0	0	0	1	1	1
299	HMGB2	0	0	1	0	0	0	0	0	1	1	1
300	HNRNPA3	0	0	0	0	0	1	0	0	1	1	1
301	HNRNPU	0	0	0	0	1	0	0	0	1	1	1
302	HOXD11	0	0	0	0	1	0	0	0	1	1	1
303	HOXD12	0	0	0	0	1	0	0	0	1	1	1
304	HOXD13	0	0	0	0	1	0	0	0	1	1	1
305	HR	1	0	0	0	0	0	0	0	1	1	1
306	HRNR	0	0	0	0	1	0	0	0	1	1	1
307	HSD17B14	1	0	0	0	0	0	0	0	1	1	1
308	HSPA2	0	0	0	0	1	0	0	0	1	1	1
309	HTRA3	0	0	0	0	1	0	0	0	1	1	1
310	IFNA7	0	0	0	0	1	0	0	0	1	1	1
311	IGFN1	0	0	0	0	1	0	0	0	1	1	1
312	IKZF2	0	0	0	0	1	0	0	0	1	1	1
313	IL20RA	0	0	0	0	0	0	0	1	1	1	1
314	INF2	1	0	0	0	0	0	0	0	1	1	1
315	ING1	0	0	0	0	0	1	0	0	1	1	1
316	INMT	0	0	0	0	1	0	0	0	1	1	1
317	INO80E	0	1	0	0	0	0	0	0	1	1	1
318	INPPL1	0	0	0	0	1	0	0	0	1	1	1
319	INSC	0	0	0	0	0	0	0	1	1	1	1
320	INTS5	0	0	0	0	1	0	0	0	1	1	1
321	IQGAP3	0	0	0	0	1	0	0	0	1	1	1
322	IRS2	0	0	0	0	1	0	0	0	1	1	1
323	ITGB2	0	0	0	0	1	0	0	0	1	1	1
324	IVL	0	0	0	0	1	0	0	0	1	1	1
325	JCAD	0	0	0	0	1	0	0	0	1	1	1
326	KCNMA1	0	0	1	0	0	0	0	0	1	1	1
327	KCNQ1	0	0	0	0	1	0	0	0	1	1	1
328	KDM6B	0	0	0	0	1	0	0	0	1	1	1
329	KEAP1	0	0	0	0	1	0	0	0	1	1	1
330	KIAA1217	0	0	0	0	1	0	0	0	1	1	1
331	KIAA1468	0	0	0	0	1	0	0	0	1	1	1
332	KIF14	0	0	0	0	0	1	0	0	1	1	1
333	KIF25	0	0	0	0	1	0	0	0	1	1	1
334	KLC1	0	0	1	0	0	0	0	0	1	1	1
335	KLHL30	0	0	0	0	0	1	0	0	1	1	1
336	KLHL6	0	0	0	0	1	0	0	0	1	1	1
337	KMT2B	0	0	0	0	1	0	0	0	1	1	1
338	KMT2D	0	0	1	0	0	0	0	0	1	1	1
339	KMT2E	0	0	0	0	1	0	0	0	1	1	1
340	KRT12	0	0	0	0	1	0	0	0	1	1	1
341	KRT4	0	0	0	0	1	0	0	0	1	1	1
342	KRT6B	0	0	0	0	1	0	0	0	1	1	1
343	KRT76	0	0	0	0	1	0	0	0	1	1	1
344	KRTAP11-1	0	0	0	0	0	1	0	0	1	1	1
345	KRTAP9-9	0	0	0	0	1	0	0	0	1	1	1
346	KSR1	0	1	0	0	0	0	0	0	1	1	1
347	LARP1	0	0	0	0	0	0	0	1	1	1	1
348	LATS2	1	0	0	0	0	0	0	0	1	1	1
349	LCMT2	0	0	0	0	1	0	0	0	1	1	1
350	LHCGR	0	0	0	0	1	0	0	0	1	1	1
351	LILRA1	0	0	0	0	1	0	0	0	1	1	1
352	LILRA6	0	0	0	0	1	0	0	0	1	1	1
353	LILRB2	0	0	0	0	1	0	0	0	1	1	1
354	LINGO3	0	0	0	0	1	0	0	0	1	1	1
355	LMAN1	0	1	0	0	0	0	0	0	1	1	1
356	LNX1	0	0	0	0	1	0	0	0	1	1	1
357	LOC100129697	0	0	0	0	1	0	0	0	1	1	1
358	LRCH2	0	0	1	0	0	0	0	0	1	1	1
359	LRP5	0	0	0	0	1	0	0	0	1	1	1
360	LRRC4C	0	0	0	0	0	0	0	1	1	1	1
361	LRRC7	0	0	0	0	1	0	0	0	1	1	1
362	LRRIQ3	0	1	0	0	0	0	0	0	1	1	1
363	LSAMP	0	0	0	0	1	0	0	0	1	1	1
364	LSS	0	0	0	0	1	0	0	0	1	1	1
365	LY75	0	0	0	0	1	0	0	0	1	1	1
366	LYPD1	0	0	0	0	1	0	0	0	1	1	1
367	LYPD3	0	0	1	0	0	0	0	0	1	1	1
368	MAATS1	0	0	0	0	1	0	0	0	1	1	1
369	MAD2L1	0	0	0	0	1	0	0	0	1	1	1
370	MAFK	1	0	0	0	0	0	0	0	1	1	1
371	MAJIN	0	0	0	0	1	0	0	0	1	1	1
372	MAP3K3	0	0	0	0	1	0	0	0	1	1	1
373	MAU2	0	0	0	0	1	0	0	0	1	1	1
374	MBD3	0	0	1	0	0	0	0	0	1	1	1
375	MC1R	0	0	0	0	1	0	0	0	1	1	1
376	MCM8	0	0	0	0	1	0	0	0	1	1	1
377	MECOM	1	0	0	0	0	0	0	0	1	1	1
378	MEGF6	0	0	0	0	1	0	0	0	1	1	1
379	MFN1	0	0	0	0	1	0	0	0	1	1	1
380	MGAM	0	0	0	0	1	0	0	0	1	1	1
381	MIER2	0	0	0	0	0	1	0	0	1	1	1
382	MIOX	0	0	0	0	1	0	0	0	1	1	1
383	MIS18BP1	0	1	0	0	0	0	0	0	1	1	1
384	MISP	0	0	0	0	1	0	0	0	1	1	1
385	MMRN1	0	0	0	0	1	0	0	0	1	1	1
386	MNS1	1	0	0	0	0	0	0	0	1	1	1
387	MOAP1	0	0	0	0	1	0	0	0	1	1	1
388	MPV17	0	0	1	0	0	0	0	0	1	1	1
389	MRPS12	0	0	0	0	1	0	0	0	1	1	1
390	MSTN	0	0	0	0	1	0	0	0	1	1	1
391	MUC20	0	0	0	0	1	0	0	0	1	1	1
392	MUC5B	0	0	0	0	1	0	0	0	1	1	1
393	MUM1	0	0	0	0	1	0	0	0	1	1	1
394	MVP	0	0	0	0	1	0	0	0	1	1	1
395	MYBPC3	0	0	0	0	1	0	0	0	1	1	1
396	MYC	0	0	1	0	0	0	0	0	1	1	1
397	MYH1	0	0	0	0	1	0	0	0	1	1	1
398	MYH7B	0	0	0	0	1	0	0	0	1	1	1
399	MYLK	0	0	0	0	1	0	0	0	1	1	1
400	MYO18B	0	0	0	0	0	1	0	0	1	1	1
401	NABP2	0	0	0	0	1	0	0	0	1	1	1
402	NAV3	0	0	0	0	0	1	0	0	1	1	1
403	NBPF12	0	0	0	0	1	0	0	0	1	1	1
404	NBPF14	0	0	0	0	1	0	0	0	1	1	1
405	NBPF3	0	0	0	0	1	0	0	0	1	1	1
406	NCKAP5L	0	0	0	0	1	0	0	0	1	1	1
407	NECTIN2	0	0	0	0	1	0	0	0	1	1	1
408	NELFCD	0	0	0	0	1	0	0	0	1	1	1
409	NFKB2	0	0	0	0	0	1	0	0	1	1	1
410	NGFR	0	0	0	0	1	0	0	0	1	1	1
411	NKX2-1	0	0	0	0	1	0	0	0	1	1	1
412	NKX2-2	1	0	0	0	0	0	0	0	1	1	1
413	NLRP4	0	0	0	0	1	0	0	0	1	1	1
414	NLRP6	0	0	1	0	0	0	0	0	1	1	1
415	NMD3	0	0	0	0	1	0	0	0	1	1	1
416	NME3	0	0	0	0	1	0	0	0	1	1	1
417	NOL3	0	0	0	0	0	1	0	0	1	1	1
418	NOTCH2NL	0	0	0	0	1	0	0	0	1	1	1
419	NPAP1	0	0	0	0	1	0	0	0	1	1	1
420	NPAS3	0	0	0	0	1	0	0	0	1	1	1
421	NPC1L1	0	0	0	0	1	0	0	0	1	1	1
422	NPEPPS	0	0	0	0	1	0	0	0	1	1	1
423	NPIPB6	0	0	0	0	1	0	0	0	1	1	1
424	NR1H3	0	0	0	0	1	0	0	0	1	1	1
425	NR2F1	0	0	0	0	1	0	0	0	1	1	1
426	NR3C1	0	0	0	0	1	0	0	0	1	1	1
427	NR4A2	0	0	0	0	0	1	0	0	1	1	1
428	NRG3	0	0	0	0	1	0	0	0	1	1	1
429	NRP2	0	0	0	0	1	0	0	0	1	1	1
430	NUTM2B	0	0	0	0	1	0	0	0	1	1	1
431	NXF5	0	0	0	0	1	0	0	0	1	1	1
432	OASL	1	0	0	0	0	0	0	0	1	1	1
433	OBP2B	0	0	0	0	1	0	0	0	1	1	1
434	OBSCN	0	0	0	0	1	0	0	0	1	1	1
435	OBSL1	0	0	0	0	1	0	0	0	1	1	1
436	ODF3	0	0	0	0	1	0	0	0	1	1	1
437	OR10H5	0	0	0	0	1	0	0	0	1	1	1
438	OR11H12	0	0	0	0	1	0	0	0	1	1	1
439	OR2L8	0	0	0	0	1	0	0	0	1	1	1
440	OR2M5	0	0	0	0	1	0	0	0	1	1	1
441	OR51Q1	1	0	0	0	0	0	0	0	1	1	1
442	OR52E8	0	0	0	0	1	0	0	0	1	1	1
443	OR7C1	0	1	0	0	0	0	0	0	1	1	1
444	OR7E24	1	0	0	0	0	0	0	0	1	1	1
445	OR8G2P	0	0	0	0	1	0	0	0	1	1	1
446	OVCH1	0	0	0	0	1	0	0	0	1	1	1
447	P3H2	0	0	0	0	1	0	0	0	1	1	1
448	PABPC1	0	1	0	0	0	0	0	0	1	1	1
449	PARD3B	1	0	0	0	0	0	0	0	1	1	1
450	PAX3	0	0	0	0	1	0	0	0	1	1	1
451	PAX7	0	0	0	0	1	0	0	0	1	1	1
452	PCDHA5	0	0	0	0	1	0	0	0	1	1	1
453	PCDHA6	0	0	0	0	1	0	0	0	1	1	1
454	PCDHGA6	0	0	0	0	1	0	0	0	1	1	1
455	PDE11A	0	0	0	0	1	0	0	0	1	1	1
456	PDE8B	0	0	0	0	1	0	0	0	1	1	1
457	PF4	0	0	0	0	1	0	0	0	1	1	1
458	PFKM	0	0	0	0	1	0	0	0	1	1	1
459	PGRMC2	0	0	0	0	1	0	0	0	1	1	1
460	PHF21A	0	0	0	0	1	0	0	0	1	1	1
461	PHKB	0	0	0	0	1	0	0	0	1	1	1
462	PILRA	0	0	0	0	1	0	0	0	1	1	1
463	PITRM1	0	0	0	0	0	1	0	0	1	1	1
464	PKHD1L1	0	0	0	0	1	0	0	0	1	1	1
465	PLCE1	0	0	0	0	1	0	0	0	1	1	1
466	PLEKHG5	0	0	1	0	0	0	0	0	1	1	1
467	PLIN4	0	0	0	0	1	0	0	0	1	1	1
468	PLRG1	0	0	0	0	1	0	0	0	1	1	1
469	PMS2	0	0	0	0	0	1	0	0	1	1	1
470	PNPLA5	0	0	0	0	0	1	0	0	1	1	1
471	POLD1	0	0	0	0	1	0	0	0	1	1	1
472	POLG	0	0	0	0	1	0	0	0	1	1	1
473	POM121	0	0	0	1	0	0	0	0	1	1	1
474	POTEB	1	0	0	0	0	0	0	0	1	1	1
475	POTEE	0	0	0	0	1	0	0	0	1	1	1
476	POTEF	0	0	0	0	1	0	0	0	1	1	1
477	POU5F1B	0	0	0	0	0	1	0	0	1	1	1
478	PPEF2	0	0	0	0	1	0	0	0	1	1	1
479	PPP4R4	1	0	0	0	0	0	0	0	1	1	1
480	PRAMEF1	1	0	0	0	0	0	0	0	1	1	1
481	PRAMEF4	0	0	0	0	1	0	0	0	1	1	1
482	PRB2	0	0	0	0	1	0	0	0	1	1	1
483	PRB4	0	0	0	0	1	0	0	0	1	1	1
484	PRDM15	0	0	0	0	1	0	0	0	1	1	1
485	PRH2	0	0	0	0	1	0	0	0	1	1	1
486	PRLHR	0	0	0	0	1	0	0	0	1	1	1
487	PRMT1	1	0	0	0	0	0	0	0	1	1	1
488	PROM2	0	0	0	0	1	0	0	0	1	1	1
489	PRR34	1	0	0	0	0	0	0	0	1	1	1
490	PRUNE2	0	0	0	0	0	1	0	0	1	1	1
491	PSMC2	0	0	0	0	1	0	0	0	1	1	1
492	PSMD1	0	0	0	0	1	0	0	0	1	1	1
493	PTCHD4	0	0	0	0	0	1	0	0	1	1	1
494	PTK2	0	0	0	0	1	0	0	0	1	1	1
495	PTK7	0	0	0	0	1	0	0	0	1	1	1
496	PTPRO	0	0	0	0	1	0	0	0	1	1	1
497	PXDNL	0	0	0	0	1	0	0	0	1	1	1
498	PXK	0	0	0	0	1	0	0	0	1	1	1
499	QSER1	0	0	0	0	1	0	0	0	1	1	1
500	RAB37	0	0	0	0	1	0	0	0	1	1	1
501	RAB4B	0	0	0	0	0	1	0	0	1	1	1
502	RADIL	0	0	0	0	1	0	0	0	1	1	1
503	RAI1	0	0	0	0	1	0	0	0	1	1	1
504	RANBP2	0	0	0	0	1	0	0	0	1	1	1
505	RAPGEFL1	0	0	0	0	1	0	0	0	1	1	1
506	RAPH1	0	0	0	0	1	0	0	0	1	1	1
507	RASA1	0	0	0	0	1	0	0	0	1	1	1
508	RBBP8	0	1	0	0	0	0	0	0	1	1	1
509	RBFOX3	0	0	0	0	1	0	0	0	1	1	1
510	RBM15	0	0	0	0	0	0	0	1	1	1	1
511	RBMXL1	0	1	0	0	0	0	0	0	1	1	1
512	RELN	0	0	0	0	1	0	0	0	1	1	1
513	RERE	0	0	0	0	1	0	0	0	1	1	1
514	RFPL3	0	0	0	0	1	0	0	0	1	1	1
515	RHPN1	0	0	0	0	1	0	0	0	1	1	1
516	RIMS4	0	0	0	0	1	0	0	0	1	1	1
517	RNF145	0	1	0	0	0	0	0	0	1	1	1
518	RNF213	0	0	0	0	1	0	0	0	1	1	1
519	RPL9	1	0	0	0	0	0	0	0	1	1	1
520	RPS27L	0	0	0	0	1	0	0	0	1	1	1
521	RPS6KL1	0	0	0	0	1	0	0	0	1	1	1
522	RRM1	1	0	0	0	0	0	0	0	1	1	1
523	RRN3	1	0	0	0	0	0	0	0	1	1	1
524	RRP12	0	0	1	0	0	0	0	0	1	1	1
525	RTN2	1	0	0	0	0	0	0	0	1	1	1
526	SAA1	0	0	0	0	1	0	0	0	1	1	1
527	SAFB2	1	0	0	0	0	0	0	0	1	1	1
528	SAMD9L	0	0	0	0	1	0	0	0	1	1	1
529	SAR1B	1	0	0	0	0	0	0	0	1	1	1
530	SBNO2	0	0	0	0	1	0	0	0	1	1	1
531	SCARB2	0	0	0	0	1	0	0	0	1	1	1
532	SCIMP	0	0	0	0	1	0	0	0	1	1	1
533	SCN8A	0	0	0	0	1	0	0	0	1	1	1
534	SCOC	0	0	0	0	1	0	0	0	1	1	1
535	SDC4	0	0	0	0	1	0	0	0	1	1	1
536	SDCCAG3	0	0	0	0	1	0	0	0	1	1	1
537	SDF4	1	0	0	0	0	0	0	0	1	1	1
538	SEC14L5	0	0	0	0	1	0	0	0	1	1	1
539	SEMA3G	0	0	0	0	1	0	0	0	1	1	1
540	SEMA5A	0	0	0	0	1	0	0	0	1	1	1
541	SERPINB3	0	0	1	0	0	0	0	0	1	1	1
542	SERPINE1	0	0	0	0	1	0	0	0	1	1	1
543	SETD5	0	0	0	0	1	0	0	0	1	1	1
544	SEZ6L	0	0	0	0	1	0	0	0	1	1	1
545	SFXN4	0	0	0	0	1	0	0	0	1	1	1
546	SH2D6	0	0	0	0	1	0	0	0	1	1	1
547	SH3BP4	0	0	0	0	1	0	0	0	1	1	1
548	SHANK2	0	0	0	0	1	0	0	0	1	1	1
549	SIGLEC11	0	0	0	0	1	0	0	0	1	1	1
550	SIGLEC12	0	0	0	0	1	0	0	0	1	1	1
551	SIMC1	0	0	0	0	1	0	0	0	1	1	1
552	SIPA1L1	0	0	1	0	0	0	0	0	1	1	1
553	SLC10A4	0	0	0	0	1	0	0	0	1	1	1
554	SLC12A7	1	0	0	0	0	0	0	0	1	1	1
555	SLC15A2	0	0	0	0	1	0	0	0	1	1	1
556	SLC25A36	0	0	0	0	0	0	0	1	1	1	1
557	SLC39A5	0	0	0	0	1	0	0	0	1	1	1
558	SLC5A4	0	0	0	0	1	0	0	0	1	1	1
559	SLC6A15	0	0	0	0	1	0	0	0	1	1	1
560	SLC9A5	0	0	1	0	0	0	0	0	1	1	1
561	SLCO2B1	0	0	0	0	1	0	0	0	1	1	1
562	SLCO5A1	0	0	0	0	1	0	0	0	1	1	1
563	SLFN13	0	0	0	0	1	0	0	0	1	1	1
564	SLIT3	0	0	0	0	1	0	0	0	1	1	1
565	SMARCAL1	0	0	0	0	1	0	0	0	1	1	1
566	SMC4	0	0	0	0	1	0	0	0	1	1	1
567	SMDT1	0	0	0	0	1	0	0	0	1	1	1
568	SMG7	0	0	0	0	0	0	0	1	1	1	1
569	SMIM7	0	0	0	0	1	0	0	0	1	1	1
570	SMOX	0	0	0	0	1	0	0	0	1	1	1
571	SMU1	0	0	0	0	1	0	0	0	1	1	1
572	SNX2	0	0	0	0	1	0	0	0	1	1	1
573	SOS2	0	0	0	0	1	0	0	0	1	1	1
574	SOX3	0	0	0	0	1	0	0	0	1	1	1
575	SP140	0	0	0	0	1	0	0	0	1	1	1
576	SPAG1	0	0	0	0	1	0	0	0	1	1	1
577	SPOCK3	0	0	0	0	1	0	0	0	1	1	1
578	SPRR4	0	0	0	0	1	0	0	0	1	1	1
579	SPTBN4	0	0	0	0	1	0	0	0	1	1	1
580	ST3GAL1	0	0	0	0	1	0	0	0	1	1	1
581	STAC3	0	0	0	0	1	0	0	0	1	1	1
582	STAT5A	0	0	0	0	1	0	0	0	1	1	1
583	STK39	0	0	0	0	1	0	0	0	1	1	1
584	STOML3	0	0	1	0	0	0	0	0	1	1	1
585	STRC	0	0	0	0	1	0	0	0	1	1	1
586	STX1B	0	0	0	0	1	0	0	0	1	1	1
587	SURF2	0	0	1	0	0	0	0	0	1	1	1
588	SUZ12	0	0	1	0	0	0	0	0	1	1	1
589	SYT15	0	0	0	0	0	1	0	0	1	1	1
590	TAF1C	0	0	0	0	0	1	0	0	1	1	1
591	TARS	0	0	1	0	0	0	0	0	1	1	1
592	TAS1R1	0	0	1	0	0	0	0	0	1	1	1
593	TBCD	0	0	0	0	1	0	0	0	1	1	1
594	TBK1	0	0	0	0	1	0	0	0	1	1	1
595	TET1	0	0	0	0	1	0	0	0	1	1	1
596	TEX2	0	0	0	0	1	0	0	0	1	1	1
597	THAP7	0	0	0	0	1	0	0	0	1	1	1
598	THBS2	0	0	1	0	0	0	0	0	1	1	1
599	THSD7A	0	0	0	0	1	0	0	0	1	1	1
600	THSD7B	0	0	0	0	1	0	0	0	1	1	1
601	TIMM50	0	0	0	0	1	0	0	0	1	1	1
602	TIPIN	0	0	0	0	0	1	0	0	1	1	1
603	TJP2	0	0	0	0	1	0	0	0	1	1	1
604	TLL1	0	0	0	0	1	0	0	0	1	1	1
605	TMC3	0	0	0	0	1	0	0	0	1	1	1
606	TMCC3	0	0	0	0	1	0	0	0	1	1	1
607	TMEM139	0	0	0	0	1	0	0	0	1	1	1
608	TMEM63A	0	0	1	0	0	0	0	0	1	1	1
609	TMIGD2	0	0	0	0	1	0	0	0	1	1	1
610	TMPRSS6	0	0	0	0	1	0	0	0	1	1	1
611	TMX3	0	0	0	0	0	1	0	0	1	1	1
612	TNN	0	0	0	0	1	0	0	0	1	1	1
613	TNS4	0	0	0	0	1	0	0	0	1	1	1
614	TOP1MT	0	0	0	0	1	0	0	0	1	1	1
615	TP53	0	0	0	0	0	1	0	0	1	1	1
616	TPO	0	0	0	0	0	1	0	0	1	1	1
617	TPPP	1	0	0	0	0	0	0	0	1	1	1
618	TRDN	0	0	0	0	1	0	0	0	1	1	1
619	TRIM46	0	1	0	0	0	0	0	0	1	1	1
620	TRIM48	0	0	0	0	1	0	0	0	1	1	1
621	TSEN54	0	0	0	0	1	0	0	0	1	1	1
622	TTC14	0	0	0	0	0	0	0	1	1	1	1
623	TTC38	0	0	0	0	1	0	0	0	1	1	1
624	TTI1	0	0	0	0	0	1	0	0	1	1	1
625	TUBB3	0	0	0	0	1	0	0	0	1	1	1
626	TULP4	0	0	0	0	1	0	0	0	1	1	1
627	TYRO3	1	0	0	0	0	0	0	0	1	1	1
628	U2AF1	0	0	0	0	1	0	0	0	1	1	1
629	UBC	0	0	0	0	1	0	0	0	1	1	1
630	UBR5	0	0	0	0	1	0	0	0	1	1	1
631	UGT1A1	0	0	0	0	1	0	0	0	1	1	1
632	UGT2B28	0	0	0	0	1	0	0	0	1	1	1
633	USP48	1	0	0	0	0	0	0	0	1	1	1
634	UTP3	0	0	1	0	0	0	0	0	1	1	1
635	WDR59	0	0	0	0	1	0	0	0	1	1	1
636	WDR66	0	0	0	0	1	0	0	0	1	1	1
637	WNT10A	0	0	0	0	1	0	0	0	1	1	1
638	WWC2	0	0	0	0	0	0	0	1	1	1	1
639	YIPF2	0	0	0	0	0	0	0	1	1	1	1
640	YIPF4	0	0	0	0	0	1	0	0	1	1	1
641	YWHAZ	0	0	0	0	1	0	0	0	1	1	1
642	ZBTB1	1	0	0	0	0	0	0	0	1	1	1
643	ZDHHC14	0	0	0	0	1	0	0	0	1	1	1
644	ZFHX4	0	0	0	0	1	0	0	0	1	1	1
645	ZFP37	0	0	0	0	1	0	0	0	1	1	1
646	ZMYM5	0	0	0	0	1	0	0	0	1	1	1
647	ZNF107	0	0	0	0	1	0	0	0	1	1	1
648	ZNF180	0	0	0	0	1	0	0	0	1	1	1
649	ZNF251	0	0	0	0	1	0	0	0	1	1	1
650	ZNF254	0	0	0	0	1	0	0	0	1	1	1
651	ZNF280C	1	0	0	0	0	0	0	0	1	1	1
652	ZNF423	0	0	0	0	1	0	0	0	1	1	1
653	ZNF43	0	0	0	0	1	0	0	0	1	1	1
654	ZNF469	0	0	0	0	1	0	0	0	1	1	1
655	ZNF491	0	0	0	0	1	0	0	0	1	1	1
656	ZNF530	0	0	0	0	1	0	0	0	1	1	1
657	ZNF558	0	0	0	0	1	0	0	0	1	1	1
658	ZNF563	0	1	0	0	0	0	0	0	1	1	1
659	ZNF578	0	0	0	0	1	0	0	0	1	1	1
660	ZNF718	0	0	0	0	0	0	0	1	1	1	1
661	ZNF737	0	0	0	0	1	0	0	0	1	1	1
662	ZNF770	0	0	0	0	1	0	0	0	1	1	1
663	ZNF778	0	0	0	0	1	0	0	0	1	1	1
664	ZNF841	0	0	0	0	1	0	0	0	1	1	1
665	ZNF844	0	0	0	0	1	0	0	0	1	1	1
666	ZNF860	0	0	0	0	1	0	0	0	1	1	1
667	ZNF99	0	0	0	0	1	0	0	0	1	1	1
668	ZP3	0	0	0	0	1	0	0	0	1	1	1
669	ZXDB	0	0	0	0	1	0	0	0	1	1	1
670	ZYG11A	0	0	0	0	1	0	0	0	1	1	1
671	ZZEF1	1	0	0	0	0	0	0	0	1	1	1
