Hugo_Symbol	Frame_Shift_Del	Frame_Shift_Ins	In_Frame_Del	In_Frame_Ins	Missense_Mutation	Nonsense_Mutation	Nonstop_Mutation	Splice_Site	total	MutatedSamples	AlteredSamples
AHNAK2	0	0	0	0	5	0	0	0	5	4	4
KMT2C	0	0	0	0	5	0	0	0	5	3	3
MST1L	0	0	0	0	4	0	0	0	4	3	3
MUC17	0	0	0	0	4	0	0	0	4	3	3
ANAPC1	0	0	0	0	3	0	0	0	3	3	3
HDAC2	2	1	0	0	0	0	0	0	3	3	3
PDE4DIP	0	0	0	0	3	0	0	0	3	3	3
SSPO	1	0	0	0	2	0	0	0	3	3	3
ZIC2	2	0	0	0	1	0	0	0	3	3	3
FRG1	0	0	0	0	4	0	0	0	4	2	2
ANKRD36C	2	0	0	0	1	0	0	0	3	2	2
ATAD3B	0	0	0	0	3	0	0	0	3	2	2
BAGE2	0	0	0	0	0	1	0	2	3	2	2
ZDHHC11	0	0	0	0	3	0	0	0	3	2	2
ABCC5	1	1	0	0	0	0	0	0	2	2	2
ACIN1	1	0	0	0	1	0	0	0	2	2	2
AFDN	1	0	1	0	0	0	0	0	2	2	2
AGXT	0	2	0	0	0	0	0	0	2	2	2
ALPP	0	0	1	0	1	0	0	0	2	2	2
ASH1L	0	2	0	0	0	0	0	0	2	2	2
CFTR	0	0	0	0	2	0	0	0	2	2	2
CNOT3	2	0	0	0	0	0	0	0	2	2	2
DIAPH2	2	0	0	0	0	0	0	0	2	2	2
DLGAP2	0	0	0	0	2	0	0	0	2	2	2
EGFR	0	0	1	0	1	0	0	0	2	2	2
EVL	0	1	0	0	1	0	0	0	2	2	2
FLG	1	0	0	0	1	0	0	0	2	2	2
IRX5	0	0	0	0	2	0	0	0	2	2	2
LAMA5	0	0	0	0	1	0	0	1	2	2	2
MAN2C1	1	0	0	0	1	0	0	0	2	2	2
MAPK8IP3	0	0	1	0	1	0	0	0	2	2	2
MLLT6	0	0	0	0	2	0	0	0	2	2	2
MUC4	0	0	0	0	2	0	0	0	2	2	2
MYH13	0	0	0	0	2	0	0	0	2	2	2
MYH7	0	0	0	0	1	0	0	1	2	2	2
MYT1L	0	0	0	0	2	0	0	0	2	2	2
NF1	0	0	0	0	1	1	0	0	2	2	2
NRXN2	0	2	0	0	0	0	0	0	2	2	2
PCMTD1	0	0	0	0	2	0	0	0	2	2	2
PRRT2	1	0	0	0	1	0	0	0	2	2	2
RHPN2	0	0	0	0	1	1	0	0	2	2	2
RTP1	0	0	0	0	2	0	0	0	2	2	2
SMARCC2	2	0	0	0	0	0	0	0	2	2	2
STAT5B	2	0	0	0	0	0	0	0	2	2	2
TCERG1	0	0	0	0	2	0	0	0	2	2	2
TENM4	0	0	1	0	1	0	0	0	2	2	2
TNFRSF18	0	0	0	0	2	0	0	0	2	2	2
WBP1	0	2	0	0	0	0	0	0	2	2	2
WDR90	2	0	0	0	0	0	0	0	2	2	2
ZNF727	0	0	0	0	2	0	0	0	2	2	2
APOBEC3H	0	0	1	0	1	0	0	0	2	1	1
BICRA	0	0	0	0	2	0	0	0	2	1	1
ELFN2	0	0	0	0	2	0	0	0	2	1	1
FBN2	0	0	0	0	2	0	0	0	2	1	1
GUSB	0	0	0	0	2	0	0	0	2	1	1
HEATR5B	0	0	0	0	2	0	0	0	2	1	1
LAMB4	0	0	0	0	1	0	0	1	2	1	1
LRP1	0	0	0	0	2	0	0	0	2	1	1
NOS2	0	0	0	0	1	0	0	1	2	1	1
OR10H1	0	0	0	0	2	0	0	0	2	1	1
RBMX	0	1	0	0	1	0	0	0	2	1	1
RCOR2	0	0	0	0	2	0	0	0	2	1	1
RNF212	1	0	0	1	0	0	0	0	2	1	1
SYNDIG1L	0	0	0	0	2	0	0	0	2	1	1
AASDH	1	0	0	0	0	0	0	0	1	1	1
AATK	0	0	0	0	0	0	1	0	1	1	1
ABCA12	0	0	0	0	1	0	0	0	1	1	1
ABCB1	0	0	0	0	1	0	0	0	1	1	1
ABCB5	0	0	0	0	1	0	0	0	1	1	1
ABHD17A	0	0	0	0	1	0	0	0	1	1	1
ABL2	0	0	0	0	0	1	0	0	1	1	1
ABLIM3	0	0	0	0	1	0	0	0	1	1	1
ABR	0	0	0	0	1	0	0	0	1	1	1
ACADSB	0	0	0	0	1	0	0	0	1	1	1
ACOT9	0	0	0	0	1	0	0	0	1	1	1
ACPP	0	0	0	0	1	0	0	0	1	1	1
ACSL6	0	0	0	0	1	0	0	0	1	1	1
ACTG2	0	0	0	0	1	0	0	0	1	1	1
ACTN2	1	0	0	0	0	0	0	0	1	1	1
ADAL	0	0	0	0	1	0	0	0	1	1	1
ADAMTS16	0	0	0	0	1	0	0	0	1	1	1
ADAMTS6	0	0	0	0	1	0	0	0	1	1	1
ADAMTSL2	0	0	0	0	1	0	0	0	1	1	1
ADAMTSL4	0	0	0	0	1	0	0	0	1	1	1
ADGRG2	0	0	0	0	1	0	0	0	1	1	1
ADGRG7	0	0	0	0	0	1	0	0	1	1	1
ADGRV1	0	0	0	0	0	1	0	0	1	1	1
ADNP2	0	1	0	0	0	0	0	0	1	1	1
ADRA2B	0	0	0	0	1	0	0	0	1	1	1
ADSSL1	0	0	0	0	1	0	0	0	1	1	1
AGAP2	0	0	0	0	1	0	0	0	1	1	1
AGO4	0	0	0	0	1	0	0	0	1	1	1
AHNAK	0	0	0	0	1	0	0	0	1	1	1
AHRR	0	0	0	0	1	0	0	0	1	1	1
AIP	0	0	0	0	1	0	0	0	1	1	1
ALOX5	0	0	0	0	1	0	0	0	1	1	1
AMMECR1	0	0	1	0	0	0	0	0	1	1	1
AMOT	0	0	1	0	0	0	0	0	1	1	1
AMY2B	0	0	0	0	1	0	0	0	1	1	1
ANKRD17	0	0	0	0	1	0	0	0	1	1	1
ANKRD30A	0	0	0	0	1	0	0	0	1	1	1
ANKRD53	0	0	0	0	1	0	0	0	1	1	1
ANO10	1	0	0	0	0	0	0	0	1	1	1
ANTXR2	1	0	0	0	0	0	0	0	1	1	1
APC	0	0	0	0	1	0	0	0	1	1	1
APOA2	0	0	0	0	1	0	0	0	1	1	1
APOC1	0	0	0	0	1	0	0	0	1	1	1
AQP10	0	0	0	0	1	0	0	0	1	1	1
ARF3	0	0	0	0	1	0	0	0	1	1	1
ARHGAP22	0	0	0	0	1	0	0	0	1	1	1
ARHGAP25	0	0	0	0	1	0	0	0	1	1	1
ARHGEF11	0	0	0	0	0	1	0	0	1	1	1
ARHGEF3	0	0	0	0	1	0	0	0	1	1	1
ARHGEF40	0	0	0	0	1	0	0	0	1	1	1
ARID1A	0	0	0	0	1	0	0	0	1	1	1
ARID1B	0	0	0	0	1	0	0	0	1	1	1
ARSI	0	0	0	0	1	0	0	0	1	1	1
ASH2L	0	0	0	0	1	0	0	0	1	1	1
ATF7IP	0	0	0	0	1	0	0	0	1	1	1
ATP13A4	0	0	0	0	1	0	0	0	1	1	1
ATP23	0	0	0	0	1	0	0	0	1	1	1
BBX	0	0	0	0	1	0	0	0	1	1	1
BCAS3	0	1	0	0	0	0	0	0	1	1	1
BCL2L13	0	0	1	0	0	0	0	0	1	1	1
BCL2L2	0	0	0	0	1	0	0	0	1	1	1
BCLAF1	0	0	0	0	1	0	0	0	1	1	1
BCOR	0	0	0	0	1	0	0	0	1	1	1
BEND5	0	0	0	0	1	0	0	0	1	1	1
BEST3	0	0	0	0	1	0	0	0	1	1	1
BLK	0	0	0	0	1	0	0	0	1	1	1
BRPF3	1	0	0	0	0	0	0	0	1	1	1
BRSK2	0	0	0	0	1	0	0	0	1	1	1
BRWD1	0	0	0	0	1	0	0	0	1	1	1
BTBD11	0	0	0	0	1	0	0	0	1	1	1
C11orf80	0	0	0	1	0	0	0	0	1	1	1
C1QTNF5	0	0	0	0	0	1	0	0	1	1	1
C1orf112	0	0	0	0	1	0	0	0	1	1	1
C2CD6	0	0	0	0	1	0	0	0	1	1	1
C7orf33	0	0	0	0	1	0	0	0	1	1	1
CACNA1A	0	0	1	0	0	0	0	0	1	1	1
CACNA1G	1	0	0	0	0	0	0	0	1	1	1
CACNB2	0	0	0	0	1	0	0	0	1	1	1
CALY	0	0	0	0	1	0	0	0	1	1	1
CAPN14	0	0	0	0	1	0	0	0	1	1	1
CAPS2	0	0	0	0	1	0	0	0	1	1	1
CASS4	0	0	0	0	1	0	0	0	1	1	1
CBL	0	0	1	0	0	0	0	0	1	1	1
CBWD3	0	0	0	0	0	0	0	1	1	1	1
CCDC114	0	0	0	0	1	0	0	0	1	1	1
CCDC66	0	0	0	0	0	1	0	0	1	1	1
CCM2	0	0	0	0	1	0	0	0	1	1	1
CCT8L2	0	0	0	0	1	0	0	0	1	1	1
CCZ1	0	0	0	0	1	0	0	0	1	1	1
CD163	0	0	0	0	0	1	0	0	1	1	1
CD276	0	0	0	0	1	0	0	0	1	1	1
CD33	1	0	0	0	0	0	0	0	1	1	1
CD93	1	0	0	0	0	0	0	0	1	1	1
CDC42EP1	0	0	0	0	1	0	0	0	1	1	1
CDH10	0	0	0	0	0	1	0	0	1	1	1
CDK11A	0	0	0	1	0	0	0	0	1	1	1
CDKN2A	0	0	0	0	0	1	0	0	1	1	1
CDS2	0	0	0	0	0	0	0	1	1	1	1
CELSR3	0	0	0	0	1	0	0	0	1	1	1
CEP170B	0	0	0	0	1	0	0	0	1	1	1
CEP290	0	1	0	0	0	0	0	0	1	1	1
CES2	0	0	0	0	1	0	0	0	1	1	1
CFAP36	0	1	0	0	0	0	0	0	1	1	1
CFAP47	0	0	0	0	1	0	0	0	1	1	1
CFAP99	0	0	0	0	1	0	0	0	1	1	1
CGB7	0	0	0	0	1	0	0	0	1	1	1
CGNL1	0	0	0	0	1	0	0	0	1	1	1
CHEK1	0	1	0	0	0	0	0	0	1	1	1
CMTR1	0	0	0	0	1	0	0	0	1	1	1
CNOT2	0	0	0	0	0	0	0	1	1	1	1
CNTN5	0	0	0	0	1	0	0	0	1	1	1
COL13A1	0	0	0	0	0	0	0	1	1	1	1
COL1A2	0	0	0	0	1	0	0	0	1	1	1
COL20A1	0	0	0	0	1	0	0	0	1	1	1
COL6A3	1	0	0	0	0	0	0	0	1	1	1
COL9A3	0	0	0	0	1	0	0	0	1	1	1
COX5A	1	0	0	0	0	0	0	0	1	1	1
CPNE7	0	0	0	0	1	0	0	0	1	1	1
CRAMP1	0	0	0	0	1	0	0	0	1	1	1
CRK	0	0	0	0	1	0	0	0	1	1	1
CRNKL1	0	0	0	0	1	0	0	0	1	1	1
CSF2RB	0	0	0	0	1	0	0	0	1	1	1
CSH2	0	0	0	0	1	0	0	0	1	1	1
CSPG4	0	0	0	0	1	0	0	0	1	1	1
CTAGE6	0	0	0	0	1	0	0	0	1	1	1
CTDP1	0	0	0	0	1	0	0	0	1	1	1
CTNNB1	0	0	0	0	1	0	0	0	1	1	1
CTRB2	0	0	0	0	1	0	0	0	1	1	1
CWF19L2	0	0	0	0	1	0	0	0	1	1	1
CX3CR1	0	1	0	0	0	0	0	0	1	1	1
CYP4F12	0	0	0	0	1	0	0	0	1	1	1
CYTH4	0	0	0	0	0	0	0	1	1	1	1
DAGLA	0	0	0	0	1	0	0	0	1	1	1
DAGLB	0	0	0	0	1	0	0	0	1	1	1
DBNL	0	0	0	0	1	0	0	0	1	1	1
DDX1	1	0	0	0	0	0	0	0	1	1	1
DDX5	0	0	1	0	0	0	0	0	1	1	1
DDX54	0	0	1	0	0	0	0	0	1	1	1
DDX60L	1	0	0	0	0	0	0	0	1	1	1
DENND1C	1	0	0	0	0	0	0	0	1	1	1
DENND5B	0	0	0	0	1	0	0	0	1	1	1
DGKG	0	0	0	0	1	0	0	0	1	1	1
DLEC1	0	0	0	0	1	0	0	0	1	1	1
DMRTC2	0	0	0	0	1	0	0	0	1	1	1
DNA2	1	0	0	0	0	0	0	0	1	1	1
DNAH17	0	0	0	0	1	0	0	0	1	1	1
DNAH7	0	0	0	0	1	0	0	0	1	1	1
DNAJC1	0	0	1	0	0	0	0	0	1	1	1
DNMT3A	0	0	0	0	1	0	0	0	1	1	1
DOK3	0	0	0	0	1	0	0	0	1	1	1
DPP3	0	0	0	0	1	0	0	0	1	1	1
DPP6	0	0	0	0	0	0	0	1	1	1	1
DPYD	0	0	0	0	1	0	0	0	1	1	1
DSCAM	0	0	1	0	0	0	0	0	1	1	1
DTD2	0	0	0	0	1	0	0	0	1	1	1
EBPL	0	0	0	0	0	1	0	0	1	1	1
EFS	0	0	0	0	1	0	0	0	1	1	1
EP400	0	0	0	0	1	0	0	0	1	1	1
ERF	0	0	0	0	1	0	0	0	1	1	1
ERGIC2	0	0	0	0	1	0	0	0	1	1	1
ERICH3	0	0	0	0	1	0	0	0	1	1	1
ERN2	0	0	0	0	1	0	0	0	1	1	1
ERP44	1	0	0	0	0	0	0	0	1	1	1
ETV3	1	0	0	0	0	0	0	0	1	1	1
EVPL	0	0	0	0	1	0	0	0	1	1	1
FAM103A1	1	0	0	0	0	0	0	0	1	1	1
FAM105A	0	0	0	0	1	0	0	0	1	1	1
FAM118A	0	0	0	0	1	0	0	0	1	1	1
FAM129B	0	0	0	0	1	0	0	0	1	1	1
FAM135B	0	0	0	0	1	0	0	0	1	1	1
FAM155A	0	0	1	0	0	0	0	0	1	1	1
FAM170B	0	0	0	0	0	1	0	0	1	1	1
FAM19A2	0	0	0	0	1	0	0	0	1	1	1
FAM3D	0	0	0	0	1	0	0	0	1	1	1
FAM47C	0	0	0	0	1	0	0	0	1	1	1
FAM57B	1	0	0	0	0	0	0	0	1	1	1
FANCA	0	0	0	0	1	0	0	0	1	1	1
FANK1	0	0	0	0	1	0	0	0	1	1	1
FAT1	0	0	0	0	1	0	0	0	1	1	1
FBLN2	0	0	0	0	0	1	0	0	1	1	1
FBXL4	0	0	0	0	1	0	0	0	1	1	1
FBXW7	0	0	0	0	1	0	0	0	1	1	1
FETUB	0	0	0	0	1	0	0	0	1	1	1
FGF17	0	0	0	0	1	0	0	0	1	1	1
FGFR1OP2	0	0	0	0	1	0	0	0	1	1	1
FHOD3	0	0	0	0	1	0	0	0	1	1	1
FKBP10	0	0	0	0	1	0	0	0	1	1	1
FKBP8	0	0	0	0	1	0	0	0	1	1	1
FLT3LG	0	0	0	0	0	0	0	1	1	1	1
FLT4	1	0	0	0	0	0	0	0	1	1	1
FNDC1	0	0	0	0	1	0	0	0	1	1	1
FOXB2	0	0	0	0	1	0	0	0	1	1	1
FOXC2	0	0	0	0	1	0	0	0	1	1	1
FOXD4L1	0	0	0	0	1	0	0	0	1	1	1
FOXD4L5	0	0	0	0	1	0	0	0	1	1	1
FOXL1	1	0	0	0	0	0	0	0	1	1	1
FOXN3	0	0	0	0	1	0	0	0	1	1	1
FRMPD1	1	0	0	0	0	0	0	0	1	1	1
FTMT	0	0	0	0	1	0	0	0	1	1	1
FXR1	1	0	0	0	0	0	0	0	1	1	1
GAA	0	0	0	0	0	1	0	0	1	1	1
GABBR2	0	0	0	0	1	0	0	0	1	1	1
GABRA2	0	0	0	0	1	0	0	0	1	1	1
GABRB1	0	0	0	0	1	0	0	0	1	1	1
GBX2	0	0	0	0	1	0	0	0	1	1	1
GCNA	0	0	0	0	1	0	0	0	1	1	1
GEMIN5	0	0	0	0	1	0	0	0	1	1	1
GGT2	0	0	0	0	1	0	0	0	1	1	1
GLRA2	0	0	1	0	0	0	0	0	1	1	1
GOLGA3	0	0	0	0	1	0	0	0	1	1	1
GOLGA6A	0	0	0	0	1	0	0	0	1	1	1
GOLIM4	0	0	0	0	1	0	0	0	1	1	1
GPAT2	0	0	0	0	1	0	0	0	1	1	1
GPR142	0	0	0	0	1	0	0	0	1	1	1
GPR32	0	0	0	0	1	0	0	0	1	1	1
GPR37L1	0	0	1	0	0	0	0	0	1	1	1
GREB1	0	0	0	0	1	0	0	0	1	1	1
GRHL2	0	0	0	0	1	0	0	0	1	1	1
GRID1	0	0	0	0	1	0	0	0	1	1	1
GRIK2	0	0	0	0	1	0	0	0	1	1	1
GRM7	0	0	0	0	1	0	0	0	1	1	1
GSAP	1	0	0	0	0	0	0	0	1	1	1
HCAR1	0	0	0	0	1	0	0	0	1	1	1
HCAR3	0	0	0	0	1	0	0	0	1	1	1
HDAC9	0	0	0	0	1	0	0	0	1	1	1
HDGFL2	0	0	0	0	1	0	0	0	1	1	1
HEATR3	0	0	0	0	1	0	0	0	1	1	1
HES7	1	0	0	0	0	0	0	0	1	1	1
HIRA	0	0	0	0	1	0	0	0	1	1	1
HIST1H2AC	1	0	0	0	0	0	0	0	1	1	1
HIST1H3I	0	0	0	0	1	0	0	0	1	1	1
HIST2H2AB	0	0	0	0	1	0	0	0	1	1	1
HLCS	0	0	0	0	1	0	0	0	1	1	1
HMCN1	0	0	0	0	1	0	0	0	1	1	1
HMGB2	0	0	1	0	0	0	0	0	1	1	1
HNRNPA3	0	0	0	0	0	1	0	0	1	1	1
HNRNPU	0	0	0	0	1	0	0	0	1	1	1
HOXD11	0	0	0	0	1	0	0	0	1	1	1
HOXD12	0	0	0	0	1	0	0	0	1	1	1
HOXD13	0	0	0	0	1	0	0	0	1	1	1
HR	1	0	0	0	0	0	0	0	1	1	1
HRNR	0	0	0	0	1	0	0	0	1	1	1
HSD17B14	1	0	0	0	0	0	0	0	1	1	1
HSPA2	0	0	0	0	1	0	0	0	1	1	1
HTRA3	0	0	0	0	1	0	0	0	1	1	1
IFNA7	0	0	0	0	1	0	0	0	1	1	1
IGFN1	0	0	0	0	1	0	0	0	1	1	1
IKZF2	0	0	0	0	1	0	0	0	1	1	1
IL20RA	0	0	0	0	0	0	0	1	1	1	1
INF2	1	0	0	0	0	0	0	0	1	1	1
ING1	0	0	0	0	0	1	0	0	1	1	1
INMT	0	0	0	0	1	0	0	0	1	1	1
INO80E	0	1	0	0	0	0	0	0	1	1	1
INPPL1	0	0	0	0	1	0	0	0	1	1	1
INSC	0	0	0	0	0	0	0	1	1	1	1
INTS5	0	0	0	0	1	0	0	0	1	1	1
IQGAP3	0	0	0	0	1	0	0	0	1	1	1
IRS2	0	0	0	0	1	0	0	0	1	1	1
ITGB2	0	0	0	0	1	0	0	0	1	1	1
IVL	0	0	0	0	1	0	0	0	1	1	1
JCAD	0	0	0	0	1	0	0	0	1	1	1
KCNMA1	0	0	1	0	0	0	0	0	1	1	1
KCNQ1	0	0	0	0	1	0	0	0	1	1	1
KDM6B	0	0	0	0	1	0	0	0	1	1	1
KEAP1	0	0	0	0	1	0	0	0	1	1	1
KIAA1217	0	0	0	0	1	0	0	0	1	1	1
KIAA1468	0	0	0	0	1	0	0	0	1	1	1
KIF14	0	0	0	0	0	1	0	0	1	1	1
KIF25	0	0	0	0	1	0	0	0	1	1	1
KLC1	0	0	1	0	0	0	0	0	1	1	1
KLHL30	0	0	0	0	0	1	0	0	1	1	1
KLHL6	0	0	0	0	1	0	0	0	1	1	1
KMT2B	0	0	0	0	1	0	0	0	1	1	1
KMT2D	0	0	1	0	0	0	0	0	1	1	1
KMT2E	0	0	0	0	1	0	0	0	1	1	1
KRT12	0	0	0	0	1	0	0	0	1	1	1
KRT4	0	0	0	0	1	0	0	0	1	1	1
KRT6B	0	0	0	0	1	0	0	0	1	1	1
KRT76	0	0	0	0	1	0	0	0	1	1	1
KRTAP11-1	0	0	0	0	0	1	0	0	1	1	1
KRTAP9-9	0	0	0	0	1	0	0	0	1	1	1
KSR1	0	1	0	0	0	0	0	0	1	1	1
LARP1	0	0	0	0	0	0	0	1	1	1	1
LATS2	1	0	0	0	0	0	0	0	1	1	1
LCMT2	0	0	0	0	1	0	0	0	1	1	1
LHCGR	0	0	0	0	1	0	0	0	1	1	1
LILRA1	0	0	0	0	1	0	0	0	1	1	1
LILRA6	0	0	0	0	1	0	0	0	1	1	1
LILRB2	0	0	0	0	1	0	0	0	1	1	1
LINGO3	0	0	0	0	1	0	0	0	1	1	1
LMAN1	0	1	0	0	0	0	0	0	1	1	1
LNX1	0	0	0	0	1	0	0	0	1	1	1
LOC100129697	0	0	0	0	1	0	0	0	1	1	1
LRCH2	0	0	1	0	0	0	0	0	1	1	1
LRP5	0	0	0	0	1	0	0	0	1	1	1
LRRC4C	0	0	0	0	0	0	0	1	1	1	1
LRRC7	0	0	0	0	1	0	0	0	1	1	1
LRRIQ3	0	1	0	0	0	0	0	0	1	1	1
LSAMP	0	0	0	0	1	0	0	0	1	1	1
LSS	0	0	0	0	1	0	0	0	1	1	1
LY75	0	0	0	0	1	0	0	0	1	1	1
LYPD1	0	0	0	0	1	0	0	0	1	1	1
LYPD3	0	0	1	0	0	0	0	0	1	1	1
MAATS1	0	0	0	0	1	0	0	0	1	1	1
MAD2L1	0	0	0	0	1	0	0	0	1	1	1
MAFK	1	0	0	0	0	0	0	0	1	1	1
MAJIN	0	0	0	0	1	0	0	0	1	1	1
MAP3K3	0	0	0	0	1	0	0	0	1	1	1
MAU2	0	0	0	0	1	0	0	0	1	1	1
MBD3	0	0	1	0	0	0	0	0	1	1	1
MC1R	0	0	0	0	1	0	0	0	1	1	1
MCM8	0	0	0	0	1	0	0	0	1	1	1
MECOM	1	0	0	0	0	0	0	0	1	1	1
MEGF6	0	0	0	0	1	0	0	0	1	1	1
MFN1	0	0	0	0	1	0	0	0	1	1	1
MGAM	0	0	0	0	1	0	0	0	1	1	1
MIER2	0	0	0	0	0	1	0	0	1	1	1
MIOX	0	0	0	0	1	0	0	0	1	1	1
MIS18BP1	0	1	0	0	0	0	0	0	1	1	1
MISP	0	0	0	0	1	0	0	0	1	1	1
MMRN1	0	0	0	0	1	0	0	0	1	1	1
MNS1	1	0	0	0	0	0	0	0	1	1	1
MOAP1	0	0	0	0	1	0	0	0	1	1	1
MPV17	0	0	1	0	0	0	0	0	1	1	1
MRPS12	0	0	0	0	1	0	0	0	1	1	1
MSTN	0	0	0	0	1	0	0	0	1	1	1
MUC20	0	0	0	0	1	0	0	0	1	1	1
MUC5B	0	0	0	0	1	0	0	0	1	1	1
MUM1	0	0	0	0	1	0	0	0	1	1	1
MVP	0	0	0	0	1	0	0	0	1	1	1
MYBPC3	0	0	0	0	1	0	0	0	1	1	1
MYC	0	0	1	0	0	0	0	0	1	1	1
MYH1	0	0	0	0	1	0	0	0	1	1	1
MYH7B	0	0	0	0	1	0	0	0	1	1	1
MYLK	0	0	0	0	1	0	0	0	1	1	1
MYO18B	0	0	0	0	0	1	0	0	1	1	1
NABP2	0	0	0	0	1	0	0	0	1	1	1
NAV3	0	0	0	0	0	1	0	0	1	1	1
NBPF12	0	0	0	0	1	0	0	0	1	1	1
NBPF14	0	0	0	0	1	0	0	0	1	1	1
NBPF3	0	0	0	0	1	0	0	0	1	1	1
NCKAP5L	0	0	0	0	1	0	0	0	1	1	1
NECTIN2	0	0	0	0	1	0	0	0	1	1	1
NELFCD	0	0	0	0	1	0	0	0	1	1	1
NFKB2	0	0	0	0	0	1	0	0	1	1	1
NGFR	0	0	0	0	1	0	0	0	1	1	1
NKX2-1	0	0	0	0	1	0	0	0	1	1	1
NKX2-2	1	0	0	0	0	0	0	0	1	1	1
NLRP4	0	0	0	0	1	0	0	0	1	1	1
NLRP6	0	0	1	0	0	0	0	0	1	1	1
NMD3	0	0	0	0	1	0	0	0	1	1	1
NME3	0	0	0	0	1	0	0	0	1	1	1
NOL3	0	0	0	0	0	1	0	0	1	1	1
NOTCH2NL	0	0	0	0	1	0	0	0	1	1	1
NPAP1	0	0	0	0	1	0	0	0	1	1	1
NPAS3	0	0	0	0	1	0	0	0	1	1	1
NPC1L1	0	0	0	0	1	0	0	0	1	1	1
NPEPPS	0	0	0	0	1	0	0	0	1	1	1
NPIPB6	0	0	0	0	1	0	0	0	1	1	1
NR1H3	0	0	0	0	1	0	0	0	1	1	1
NR2F1	0	0	0	0	1	0	0	0	1	1	1
NR3C1	0	0	0	0	1	0	0	0	1	1	1
NR4A2	0	0	0	0	0	1	0	0	1	1	1
NRG3	0	0	0	0	1	0	0	0	1	1	1
NRP2	0	0	0	0	1	0	0	0	1	1	1
NUTM2B	0	0	0	0	1	0	0	0	1	1	1
NXF5	0	0	0	0	1	0	0	0	1	1	1
OASL	1	0	0	0	0	0	0	0	1	1	1
OBP2B	0	0	0	0	1	0	0	0	1	1	1
OBSCN	0	0	0	0	1	0	0	0	1	1	1
OBSL1	0	0	0	0	1	0	0	0	1	1	1
ODF3	0	0	0	0	1	0	0	0	1	1	1
OR10H5	0	0	0	0	1	0	0	0	1	1	1
OR11H12	0	0	0	0	1	0	0	0	1	1	1
OR2L8	0	0	0	0	1	0	0	0	1	1	1
OR2M5	0	0	0	0	1	0	0	0	1	1	1
OR51Q1	1	0	0	0	0	0	0	0	1	1	1
OR52E8	0	0	0	0	1	0	0	0	1	1	1
OR7C1	0	1	0	0	0	0	0	0	1	1	1
OR7E24	1	0	0	0	0	0	0	0	1	1	1
OR8G2P	0	0	0	0	1	0	0	0	1	1	1
OVCH1	0	0	0	0	1	0	0	0	1	1	1
P3H2	0	0	0	0	1	0	0	0	1	1	1
PABPC1	0	1	0	0	0	0	0	0	1	1	1
PARD3B	1	0	0	0	0	0	0	0	1	1	1
PAX3	0	0	0	0	1	0	0	0	1	1	1
PAX7	0	0	0	0	1	0	0	0	1	1	1
PCDHA5	0	0	0	0	1	0	0	0	1	1	1
PCDHA6	0	0	0	0	1	0	0	0	1	1	1
PCDHGA6	0	0	0	0	1	0	0	0	1	1	1
PDE11A	0	0	0	0	1	0	0	0	1	1	1
PDE8B	0	0	0	0	1	0	0	0	1	1	1
PF4	0	0	0	0	1	0	0	0	1	1	1
PFKM	0	0	0	0	1	0	0	0	1	1	1
PGRMC2	0	0	0	0	1	0	0	0	1	1	1
PHF21A	0	0	0	0	1	0	0	0	1	1	1
PHKB	0	0	0	0	1	0	0	0	1	1	1
PILRA	0	0	0	0	1	0	0	0	1	1	1
PITRM1	0	0	0	0	0	1	0	0	1	1	1
PKHD1L1	0	0	0	0	1	0	0	0	1	1	1
PLCE1	0	0	0	0	1	0	0	0	1	1	1
PLEKHG5	0	0	1	0	0	0	0	0	1	1	1
PLIN4	0	0	0	0	1	0	0	0	1	1	1
PLRG1	0	0	0	0	1	0	0	0	1	1	1
PMS2	0	0	0	0	0	1	0	0	1	1	1
PNPLA5	0	0	0	0	0	1	0	0	1	1	1
POLD1	0	0	0	0	1	0	0	0	1	1	1
POLG	0	0	0	0	1	0	0	0	1	1	1
POM121	0	0	0	1	0	0	0	0	1	1	1
POTEB	1	0	0	0	0	0	0	0	1	1	1
POTEE	0	0	0	0	1	0	0	0	1	1	1
POTEF	0	0	0	0	1	0	0	0	1	1	1
POU5F1B	0	0	0	0	0	1	0	0	1	1	1
PPEF2	0	0	0	0	1	0	0	0	1	1	1
PPP4R4	1	0	0	0	0	0	0	0	1	1	1
PRAMEF1	1	0	0	0	0	0	0	0	1	1	1
PRAMEF4	0	0	0	0	1	0	0	0	1	1	1
PRB2	0	0	0	0	1	0	0	0	1	1	1
PRB4	0	0	0	0	1	0	0	0	1	1	1
PRDM15	0	0	0	0	1	0	0	0	1	1	1
PRH2	0	0	0	0	1	0	0	0	1	1	1
PRLHR	0	0	0	0	1	0	0	0	1	1	1
PRMT1	1	0	0	0	0	0	0	0	1	1	1
PROM2	0	0	0	0	1	0	0	0	1	1	1
PRR34	1	0	0	0	0	0	0	0	1	1	1
PRUNE2	0	0	0	0	0	1	0	0	1	1	1
PSMC2	0	0	0	0	1	0	0	0	1	1	1
PSMD1	0	0	0	0	1	0	0	0	1	1	1
PTCHD4	0	0	0	0	0	1	0	0	1	1	1
PTK2	0	0	0	0	1	0	0	0	1	1	1
PTK7	0	0	0	0	1	0	0	0	1	1	1
PTPRO	0	0	0	0	1	0	0	0	1	1	1
PXDNL	0	0	0	0	1	0	0	0	1	1	1
PXK	0	0	0	0	1	0	0	0	1	1	1
QSER1	0	0	0	0	1	0	0	0	1	1	1
RAB37	0	0	0	0	1	0	0	0	1	1	1
RAB4B	0	0	0	0	0	1	0	0	1	1	1
RADIL	0	0	0	0	1	0	0	0	1	1	1
RAI1	0	0	0	0	1	0	0	0	1	1	1
RANBP2	0	0	0	0	1	0	0	0	1	1	1
RAPGEFL1	0	0	0	0	1	0	0	0	1	1	1
RAPH1	0	0	0	0	1	0	0	0	1	1	1
RASA1	0	0	0	0	1	0	0	0	1	1	1
RBBP8	0	1	0	0	0	0	0	0	1	1	1
RBFOX3	0	0	0	0	1	0	0	0	1	1	1
RBM15	0	0	0	0	0	0	0	1	1	1	1
RBMXL1	0	1	0	0	0	0	0	0	1	1	1
RELN	0	0	0	0	1	0	0	0	1	1	1
RERE	0	0	0	0	1	0	0	0	1	1	1
RFPL3	0	0	0	0	1	0	0	0	1	1	1
RHPN1	0	0	0	0	1	0	0	0	1	1	1
RIMS4	0	0	0	0	1	0	0	0	1	1	1
RNF145	0	1	0	0	0	0	0	0	1	1	1
RNF213	0	0	0	0	1	0	0	0	1	1	1
RPL9	1	0	0	0	0	0	0	0	1	1	1
RPS27L	0	0	0	0	1	0	0	0	1	1	1
RPS6KL1	0	0	0	0	1	0	0	0	1	1	1
RRM1	1	0	0	0	0	0	0	0	1	1	1
RRN3	1	0	0	0	0	0	0	0	1	1	1
RRP12	0	0	1	0	0	0	0	0	1	1	1
RTN2	1	0	0	0	0	0	0	0	1	1	1
SAA1	0	0	0	0	1	0	0	0	1	1	1
SAFB2	1	0	0	0	0	0	0	0	1	1	1
SAMD9L	0	0	0	0	1	0	0	0	1	1	1
SAR1B	1	0	0	0	0	0	0	0	1	1	1
SBNO2	0	0	0	0	1	0	0	0	1	1	1
SCARB2	0	0	0	0	1	0	0	0	1	1	1
SCIMP	0	0	0	0	1	0	0	0	1	1	1
SCN8A	0	0	0	0	1	0	0	0	1	1	1
SCOC	0	0	0	0	1	0	0	0	1	1	1
SDC4	0	0	0	0	1	0	0	0	1	1	1
SDCCAG3	0	0	0	0	1	0	0	0	1	1	1
SDF4	1	0	0	0	0	0	0	0	1	1	1
SEC14L5	0	0	0	0	1	0	0	0	1	1	1
SEMA3G	0	0	0	0	1	0	0	0	1	1	1
SEMA5A	0	0	0	0	1	0	0	0	1	1	1
SERPINB3	0	0	1	0	0	0	0	0	1	1	1
SERPINE1	0	0	0	0	1	0	0	0	1	1	1
SETD5	0	0	0	0	1	0	0	0	1	1	1
SEZ6L	0	0	0	0	1	0	0	0	1	1	1
SFXN4	0	0	0	0	1	0	0	0	1	1	1
SH2D6	0	0	0	0	1	0	0	0	1	1	1
SH3BP4	0	0	0	0	1	0	0	0	1	1	1
SHANK2	0	0	0	0	1	0	0	0	1	1	1
SIGLEC11	0	0	0	0	1	0	0	0	1	1	1
SIGLEC12	0	0	0	0	1	0	0	0	1	1	1
SIMC1	0	0	0	0	1	0	0	0	1	1	1
SIPA1L1	0	0	1	0	0	0	0	0	1	1	1
SLC10A4	0	0	0	0	1	0	0	0	1	1	1
SLC12A7	1	0	0	0	0	0	0	0	1	1	1
SLC15A2	0	0	0	0	1	0	0	0	1	1	1
SLC25A36	0	0	0	0	0	0	0	1	1	1	1
SLC39A5	0	0	0	0	1	0	0	0	1	1	1
SLC5A4	0	0	0	0	1	0	0	0	1	1	1
SLC6A15	0	0	0	0	1	0	0	0	1	1	1
SLC9A5	0	0	1	0	0	0	0	0	1	1	1
SLCO2B1	0	0	0	0	1	0	0	0	1	1	1
SLCO5A1	0	0	0	0	1	0	0	0	1	1	1
SLFN13	0	0	0	0	1	0	0	0	1	1	1
SLIT3	0	0	0	0	1	0	0	0	1	1	1
SMARCAL1	0	0	0	0	1	0	0	0	1	1	1
SMC4	0	0	0	0	1	0	0	0	1	1	1
SMDT1	0	0	0	0	1	0	0	0	1	1	1
SMG7	0	0	0	0	0	0	0	1	1	1	1
SMIM7	0	0	0	0	1	0	0	0	1	1	1
SMOX	0	0	0	0	1	0	0	0	1	1	1
SMU1	0	0	0	0	1	0	0	0	1	1	1
SNX2	0	0	0	0	1	0	0	0	1	1	1
SOS2	0	0	0	0	1	0	0	0	1	1	1
SOX3	0	0	0	0	1	0	0	0	1	1	1
SP140	0	0	0	0	1	0	0	0	1	1	1
SPAG1	0	0	0	0	1	0	0	0	1	1	1
SPOCK3	0	0	0	0	1	0	0	0	1	1	1
SPRR4	0	0	0	0	1	0	0	0	1	1	1
SPTBN4	0	0	0	0	1	0	0	0	1	1	1
ST3GAL1	0	0	0	0	1	0	0	0	1	1	1
STAC3	0	0	0	0	1	0	0	0	1	1	1
STAT5A	0	0	0	0	1	0	0	0	1	1	1
STK39	0	0	0	0	1	0	0	0	1	1	1
STOML3	0	0	1	0	0	0	0	0	1	1	1
STRC	0	0	0	0	1	0	0	0	1	1	1
STX1B	0	0	0	0	1	0	0	0	1	1	1
SURF2	0	0	1	0	0	0	0	0	1	1	1
SUZ12	0	0	1	0	0	0	0	0	1	1	1
SYT15	0	0	0	0	0	1	0	0	1	1	1
TAF1C	0	0	0	0	0	1	0	0	1	1	1
TARS	0	0	1	0	0	0	0	0	1	1	1
TAS1R1	0	0	1	0	0	0	0	0	1	1	1
TBCD	0	0	0	0	1	0	0	0	1	1	1
TBK1	0	0	0	0	1	0	0	0	1	1	1
TET1	0	0	0	0	1	0	0	0	1	1	1
TEX2	0	0	0	0	1	0	0	0	1	1	1
THAP7	0	0	0	0	1	0	0	0	1	1	1
THBS2	0	0	1	0	0	0	0	0	1	1	1
THSD7A	0	0	0	0	1	0	0	0	1	1	1
THSD7B	0	0	0	0	1	0	0	0	1	1	1
TIMM50	0	0	0	0	1	0	0	0	1	1	1
TIPIN	0	0	0	0	0	1	0	0	1	1	1
TJP2	0	0	0	0	1	0	0	0	1	1	1
TLL1	0	0	0	0	1	0	0	0	1	1	1
TMC3	0	0	0	0	1	0	0	0	1	1	1
TMCC3	0	0	0	0	1	0	0	0	1	1	1
TMEM139	0	0	0	0	1	0	0	0	1	1	1
TMEM63A	0	0	1	0	0	0	0	0	1	1	1
TMIGD2	0	0	0	0	1	0	0	0	1	1	1
TMPRSS6	0	0	0	0	1	0	0	0	1	1	1
TMX3	0	0	0	0	0	1	0	0	1	1	1
TNN	0	0	0	0	1	0	0	0	1	1	1
TNS4	0	0	0	0	1	0	0	0	1	1	1
TOP1MT	0	0	0	0	1	0	0	0	1	1	1
TP53	0	0	0	0	0	1	0	0	1	1	1
TPO	0	0	0	0	0	1	0	0	1	1	1
TPPP	1	0	0	0	0	0	0	0	1	1	1
TRDN	0	0	0	0	1	0	0	0	1	1	1
TRIM46	0	1	0	0	0	0	0	0	1	1	1
TRIM48	0	0	0	0	1	0	0	0	1	1	1
TSEN54	0	0	0	0	1	0	0	0	1	1	1
TTC14	0	0	0	0	0	0	0	1	1	1	1
TTC38	0	0	0	0	1	0	0	0	1	1	1
TTI1	0	0	0	0	0	1	0	0	1	1	1
TUBB3	0	0	0	0	1	0	0	0	1	1	1
TULP4	0	0	0	0	1	0	0	0	1	1	1
TYRO3	1	0	0	0	0	0	0	0	1	1	1
U2AF1	0	0	0	0	1	0	0	0	1	1	1
UBC	0	0	0	0	1	0	0	0	1	1	1
UBR5	0	0	0	0	1	0	0	0	1	1	1
UGT1A1	0	0	0	0	1	0	0	0	1	1	1
UGT2B28	0	0	0	0	1	0	0	0	1	1	1
USP48	1	0	0	0	0	0	0	0	1	1	1
UTP3	0	0	1	0	0	0	0	0	1	1	1
WDR59	0	0	0	0	1	0	0	0	1	1	1
WDR66	0	0	0	0	1	0	0	0	1	1	1
WNT10A	0	0	0	0	1	0	0	0	1	1	1
WWC2	0	0	0	0	0	0	0	1	1	1	1
YIPF2	0	0	0	0	0	0	0	1	1	1	1
YIPF4	0	0	0	0	0	1	0	0	1	1	1
YWHAZ	0	0	0	0	1	0	0	0	1	1	1
ZBTB1	1	0	0	0	0	0	0	0	1	1	1
ZDHHC14	0	0	0	0	1	0	0	0	1	1	1
ZFHX4	0	0	0	0	1	0	0	0	1	1	1
ZFP37	0	0	0	0	1	0	0	0	1	1	1
ZMYM5	0	0	0	0	1	0	0	0	1	1	1
ZNF107	0	0	0	0	1	0	0	0	1	1	1
ZNF180	0	0	0	0	1	0	0	0	1	1	1
ZNF251	0	0	0	0	1	0	0	0	1	1	1
ZNF254	0	0	0	0	1	0	0	0	1	1	1
ZNF280C	1	0	0	0	0	0	0	0	1	1	1
ZNF423	0	0	0	0	1	0	0	0	1	1	1
ZNF43	0	0	0	0	1	0	0	0	1	1	1
ZNF469	0	0	0	0	1	0	0	0	1	1	1
ZNF491	0	0	0	0	1	0	0	0	1	1	1
ZNF530	0	0	0	0	1	0	0	0	1	1	1
ZNF558	0	0	0	0	1	0	0	0	1	1	1
ZNF563	0	1	0	0	0	0	0	0	1	1	1
ZNF578	0	0	0	0	1	0	0	0	1	1	1
ZNF718	0	0	0	0	0	0	0	1	1	1	1
ZNF737	0	0	0	0	1	0	0	0	1	1	1
ZNF770	0	0	0	0	1	0	0	0	1	1	1
ZNF778	0	0	0	0	1	0	0	0	1	1	1
ZNF841	0	0	0	0	1	0	0	0	1	1	1
ZNF844	0	0	0	0	1	0	0	0	1	1	1
ZNF860	0	0	0	0	1	0	0	0	1	1	1
ZNF99	0	0	0	0	1	0	0	0	1	1	1
ZP3	0	0	0	0	1	0	0	0	1	1	1
ZXDB	0	0	0	0	1	0	0	0	1	1	1
ZYG11A	0	0	0	0	1	0	0	0	1	1	1
ZZEF1	1	0	0	0	0	0	0	0	1	1	1
