Hugo_Symbol	Frame_Shift_Del	Frame_Shift_Ins	In_Frame_Del	In_Frame_Ins	Missense_Mutation	Nonsense_Mutation	Nonstop_Mutation	Splice_Site	total	MutatedSamples	AlteredSamples
KMT2C	0	0	1	0	11	0	0	0	12	9	9
AHNAK2	0	0	0	0	9	0	0	0	9	7	7
PDE4DIP	0	0	0	0	6	0	0	0	6	6	6
ANKRD36C	3	0	0	0	4	0	0	0	7	5	5
BAGE2	0	0	0	0	2	1	0	4	7	5	5
MST1L	0	0	0	0	7	0	0	0	7	5	5
ZIC2	3	0	0	0	2	0	0	0	5	5	5
FRG1	0	0	0	0	6	0	0	0	6	4	4
ADAMTSL4	3	0	0	0	2	0	0	0	5	4	4
ALPP	0	0	3	0	2	0	0	0	5	4	4
EGFR	0	0	2	0	2	0	0	0	4	4	4
FLT3LG	2	0	1	0	0	0	0	1	4	4	4
IRX5	0	0	0	0	4	0	0	0	4	4	4
MUC4	0	0	1	0	3	0	0	0	4	4	4
MYT1L	0	0	0	0	4	0	0	0	4	4	4
PCMTD1	0	0	0	0	4	0	0	0	4	4	4
PRAMEF4	0	0	0	0	4	0	0	0	4	4	4
RHPN2	0	0	0	0	2	2	0	0	4	4	4
RTP1	0	0	0	0	4	0	0	0	4	4	4
SSPO	1	0	0	0	3	0	0	0	4	4	4
ATAD3B	0	0	0	0	4	0	0	0	4	3	3
MUC17	0	0	0	0	4	0	0	0	4	3	3
NOTCH2NL	0	0	0	0	4	0	0	0	4	3	3
PRB2	0	0	1	0	3	0	0	0	4	3	3
WBP1	1	3	0	0	0	0	0	0	4	3	3
ZDHHC11	0	0	0	0	4	0	0	0	4	3	3
ABCC5	1	1	0	0	1	0	0	0	3	3	3
ACIN1	2	0	0	0	1	0	0	0	3	3	3
AGXT	0	3	0	0	0	0	0	0	3	3	3
AMMECR1	0	0	3	0	0	0	0	0	3	3	3
ANAPC1	0	0	0	0	3	0	0	0	3	3	3
ASH1L	0	3	0	0	0	0	0	0	3	3	3
C11orf80	0	0	0	3	0	0	0	0	3	3	3
COL6A3	3	0	0	0	0	0	0	0	3	3	3
CSPG4	0	0	0	0	3	0	0	0	3	3	3
CTAGE6	0	0	0	0	3	0	0	0	3	3	3
DMBT1	0	0	0	0	2	1	0	0	3	3	3
EVL	1	1	0	0	1	0	0	0	3	3	3
FBLN2	0	0	0	0	0	2	0	1	3	3	3
GPR32	0	0	0	0	3	0	0	0	3	3	3
GSAP	2	0	0	0	1	0	0	0	3	3	3
HDAC2	2	1	0	0	0	0	0	0	3	3	3
LAMA5	0	0	0	0	2	0	0	1	3	3	3
MLLT6	0	0	0	0	3	0	0	0	3	3	3
MYH13	0	0	0	0	3	0	0	0	3	3	3
NBPF12	0	0	0	0	3	0	0	0	3	3	3
NF1	0	0	0	0	1	2	0	0	3	3	3
PHF21A	0	0	1	0	2	0	0	0	3	3	3
POU5F1B	1	0	0	0	0	2	0	0	3	3	3
PRRT2	2	0	0	0	1	0	0	0	3	3	3
SIGLEC11	0	0	0	0	3	0	0	0	3	3	3
SLFN13	0	0	0	0	3	0	0	0	3	3	3
ZNF99	0	0	0	0	3	0	0	0	3	3	3
FBN2	0	0	0	0	4	0	0	0	4	2	2
APOBEC3H	0	0	1	0	2	0	0	0	3	2	2
BICRA	0	0	0	0	3	0	0	0	3	2	2
DDX60L	2	0	0	0	1	0	0	0	3	2	2
ELFN2	0	0	0	0	3	0	0	0	3	2	2
EVPL	0	0	0	0	3	0	0	0	3	2	2
HEATR5B	0	0	0	0	3	0	0	0	3	2	2
IGFN1	0	0	0	0	3	0	0	0	3	2	2
LRP1	0	0	0	0	3	0	0	0	3	2	2
OR10H1	0	0	0	0	3	0	0	0	3	2	2
OR10H5	0	0	0	0	3	0	0	0	3	2	2
RBMX	0	1	0	0	2	0	0	0	3	2	2
RPGRIP1	0	0	0	0	2	1	0	0	3	2	2
SLIT3	0	0	0	0	3	0	0	0	3	2	2
SYNDIG1L	0	0	0	0	3	0	0	0	3	2	2
TRIM48	0	0	0	0	2	1	0	0	3	2	2
ABCA12	0	0	0	0	2	0	0	0	2	2	2
ABLIM3	0	0	0	0	2	0	0	0	2	2	2
ABR	0	0	0	0	2	0	0	0	2	2	2
ACTN2	2	0	0	0	0	0	0	0	2	2	2
ADAL	0	0	0	0	2	0	0	0	2	2	2
ADAMTS6	0	0	0	0	2	0	0	0	2	2	2
ADAMTSL2	0	0	0	0	2	0	0	0	2	2	2
ADGRV1	0	0	0	0	0	2	0	0	2	2	2
ADSSL1	0	0	0	0	2	0	0	0	2	2	2
AFDN	1	0	1	0	0	0	0	0	2	2	2
AIM2	1	1	0	0	0	0	0	0	2	2	2
ANKRD30A	0	0	0	0	2	0	0	0	2	2	2
ANKRD53	0	0	0	0	2	0	0	0	2	2	2
APC	0	0	0	0	2	0	0	0	2	2	2
ARHGAP22	0	0	0	0	2	0	0	0	2	2	2
ARHGEF40	0	0	0	0	2	0	0	0	2	2	2
ARID1A	0	0	0	0	2	0	0	0	2	2	2
ARSI	0	0	0	0	2	0	0	0	2	2	2
ASH2L	0	0	0	0	2	0	0	0	2	2	2
ATF7IP	0	0	0	0	2	0	0	0	2	2	2
ATP13A4	0	0	0	0	2	0	0	0	2	2	2
ATXN2L	0	0	0	0	2	0	0	0	2	2	2
B4GALNT4	0	0	0	0	2	0	0	0	2	2	2
BCL2L2	0	0	0	0	2	0	0	0	2	2	2
BCLAF1	0	0	0	0	2	0	0	0	2	2	2
BEND5	1	0	0	0	1	0	0	0	2	2	2
BEST3	0	0	0	0	2	0	0	0	2	2	2
BRD4	0	0	0	0	2	0	0	0	2	2	2
BRSK1	2	0	0	0	0	0	0	0	2	2	2
BRSK2	0	1	0	0	1	0	0	0	2	2	2
BRWD1	0	0	0	0	2	0	0	0	2	2	2
BTBD11	0	0	0	0	2	0	0	0	2	2	2
CACNA1A	0	0	1	0	0	0	0	1	2	2	2
CACNA1G	1	0	1	0	0	0	0	0	2	2	2
CACNB2	0	0	0	0	2	0	0	0	2	2	2
CALY	0	0	0	0	2	0	0	0	2	2	2
CBL	0	0	2	0	0	0	0	0	2	2	2
CBWD3	0	0	0	0	0	0	0	2	2	2	2
CCZ1	0	0	0	0	2	0	0	0	2	2	2
CD93	2	0	0	0	0	0	0	0	2	2	2
CDH10	0	0	0	0	0	2	0	0	2	2	2
CDK11A	0	0	0	2	0	0	0	0	2	2	2
CDKN2A	0	0	0	0	0	2	0	0	2	2	2
CDS2	0	0	0	0	0	0	0	2	2	2	2
CFAP36	0	2	0	0	0	0	0	0	2	2	2
CFAP47	0	0	0	0	2	0	0	0	2	2	2
CFAP99	0	0	0	0	2	0	0	0	2	2	2
CFTR	0	0	0	0	2	0	0	0	2	2	2
CGB7	0	0	0	0	2	0	0	0	2	2	2
CHEK1	0	2	0	0	0	0	0	0	2	2	2
CMTR1	0	0	0	0	2	0	0	0	2	2	2
CNOT3	2	0	0	0	0	0	0	0	2	2	2
CNTN5	0	0	0	0	2	0	0	0	2	2	2
COL11A1	0	0	0	0	2	0	0	0	2	2	2
CPNE7	0	0	0	0	2	0	0	0	2	2	2
CRK	0	0	0	0	2	0	0	0	2	2	2
CSH2	0	0	0	0	2	0	0	0	2	2	2
CTNNB1	0	0	0	0	2	0	0	0	2	2	2
DAGLA	0	0	0	0	2	0	0	0	2	2	2
DAZAP1	1	0	0	0	1	0	0	0	2	2	2
DBNL	0	0	0	0	2	0	0	0	2	2	2
DENND5B	0	0	0	0	2	0	0	0	2	2	2
DGKG	0	0	0	0	2	0	0	0	2	2	2
DIAPH2	2	0	0	0	0	0	0	0	2	2	2
DLGAP2	0	0	0	0	2	0	0	0	2	2	2
DNAH17	0	0	0	0	2	0	0	0	2	2	2
DNAH7	0	0	0	0	2	0	0	0	2	2	2
DNMT3A	0	0	0	0	2	0	0	0	2	2	2
DOK3	0	0	0	0	2	0	0	0	2	2	2
DPP3	0	0	0	0	2	0	0	0	2	2	2
DTD2	0	0	0	0	2	0	0	0	2	2	2
EFS	0	0	0	0	2	0	0	0	2	2	2
ERGIC2	0	0	0	0	2	0	0	0	2	2	2
ERICH3	0	0	0	0	2	0	0	0	2	2	2
ERN2	0	0	0	0	2	0	0	0	2	2	2
FAM129B	0	0	0	0	2	0	0	0	2	2	2
FAM135B	0	0	0	0	2	0	0	0	2	2	2
FAM161B	0	0	0	0	2	0	0	0	2	2	2
FAM170B	0	0	0	0	0	2	0	0	2	2	2
FAM19A2	0	0	0	0	2	0	0	0	2	2	2
FAM47C	0	0	0	0	2	0	0	0	2	2	2
FAT1	0	0	0	0	2	0	0	0	2	2	2
FETUB	0	0	0	0	2	0	0	0	2	2	2
FHOD3	0	0	0	0	2	0	0	0	2	2	2
FKBP10	0	0	0	0	2	0	0	0	2	2	2
FLG	1	0	0	0	1	0	0	0	2	2	2
FNDC1	0	0	0	0	2	0	0	0	2	2	2
FOXC2	0	0	0	0	2	0	0	0	2	2	2
FOXN3	0	0	0	0	2	0	0	0	2	2	2
FRMPD1	2	0	0	0	0	0	0	0	2	2	2
GABBR2	0	0	0	0	2	0	0	0	2	2	2
GABRA2	0	0	0	0	2	0	0	0	2	2	2
GEMIN5	0	0	0	0	2	0	0	0	2	2	2
GOLGA6A	0	0	0	0	2	0	0	0	2	2	2
GPR142	0	0	0	0	2	0	0	0	2	2	2
GPR37L1	0	0	2	0	0	0	0	0	2	2	2
GREB1	0	0	0	0	2	0	0	0	2	2	2
GRID1	0	0	0	0	2	0	0	0	2	2	2
GRIK2	0	0	0	0	2	0	0	0	2	2	2
GRM7	0	0	0	0	2	0	0	0	2	2	2
HDGFL2	0	0	0	0	1	1	0	0	2	2	2
HIST1H2AC	2	0	0	0	0	0	0	0	2	2	2
HIST2H2AB	0	0	0	0	2	0	0	0	2	2	2
HLCS	0	0	0	0	2	0	0	0	2	2	2
HMCN1	0	0	0	0	2	0	0	0	2	2	2
HOXD12	0	0	0	0	2	0	0	0	2	2	2
HTRA3	0	0	0	0	2	0	0	0	2	2	2
ING1	0	0	0	0	0	2	0	0	2	2	2
INMT	0	0	0	0	2	0	0	0	2	2	2
INO80E	0	2	0	0	0	0	0	0	2	2	2
INSC	0	0	0	0	0	0	0	2	2	2	2
INTS5	0	0	0	0	1	1	0	0	2	2	2
IRS2	0	0	0	0	2	0	0	0	2	2	2
KCNMA1	1	0	1	0	0	0	0	0	2	2	2
KEAP1	0	0	0	0	2	0	0	0	2	2	2
KIAA1468	0	0	0	0	2	0	0	0	2	2	2
KIF25	0	0	0	0	2	0	0	0	2	2	2
KLHL6	0	0	0	0	2	0	0	0	2	2	2
KRTAP11-1	0	0	0	0	0	2	0	0	2	2	2
KRTAP9-9	0	0	0	0	2	0	0	0	2	2	2
LARP1	0	0	0	0	0	0	0	2	2	2	2
LCMT2	0	0	0	0	2	0	0	0	2	2	2
LHCGR	0	0	0	0	2	0	0	0	2	2	2
LILRA1	0	0	0	0	2	0	0	0	2	2	2
LILRA6	0	0	0	0	2	0	0	0	2	2	2
LILRB2	0	0	0	0	2	0	0	0	2	2	2
LINGO3	0	0	0	0	2	0	0	0	2	2	2
LMAN1	0	2	0	0	0	0	0	0	2	2	2
LRCH2	0	0	2	0	0	0	0	0	2	2	2
LRRC7	0	0	0	0	2	0	0	0	2	2	2
LRRIQ3	0	2	0	0	0	0	0	0	2	2	2
LSAMP	0	0	0	0	2	0	0	0	2	2	2
LSS	0	0	0	0	2	0	0	0	2	2	2
LYPD1	0	0	0	0	2	0	0	0	2	2	2
MAATS1	0	0	0	0	2	0	0	0	2	2	2
MAD2L1	0	0	0	0	2	0	0	0	2	2	2
MAN2C1	1	0	0	0	1	0	0	0	2	2	2
MAP1LC3A	0	0	0	0	2	0	0	0	2	2	2
MAPK8IP3	0	0	1	0	1	0	0	0	2	2	2
MC1R	0	0	0	0	2	0	0	0	2	2	2
MCM8	0	0	0	0	2	0	0	0	2	2	2
MEGF6	0	0	0	0	2	0	0	0	2	2	2
MIS18BP1	1	1	0	0	0	0	0	0	2	2	2
MISP	0	0	0	0	2	0	0	0	2	2	2
MSTN	0	0	0	0	2	0	0	0	2	2	2
MUC20	0	0	0	0	2	0	0	0	2	2	2
MUC5B	1	0	0	0	1	0	0	0	2	2	2
MYH1	0	0	0	0	2	0	0	0	2	2	2
MYH7	0	0	0	0	1	0	0	1	2	2	2
MYO18B	0	0	0	0	0	2	0	0	2	2	2
MYRF	2	0	0	0	0	0	0	0	2	2	2
NABP2	0	0	0	0	2	0	0	0	2	2	2
NAV3	0	0	0	0	0	2	0	0	2	2	2
NBPF14	0	0	0	0	2	0	0	0	2	2	2
NBPF3	0	0	0	0	2	0	0	0	2	2	2
NKX2-1	0	0	0	0	2	0	0	0	2	2	2
NME3	0	0	0	0	2	0	0	0	2	2	2
NPAP1	0	0	0	0	2	0	0	0	2	2	2
NPAS3	0	0	0	0	2	0	0	0	2	2	2
NPEPPS	0	0	0	0	2	0	0	0	2	2	2
NPIPB6	0	0	0	0	2	0	0	0	2	2	2
NR2F1	0	0	0	0	2	0	0	0	2	2	2
NR4A2	0	0	0	0	0	2	0	0	2	2	2
NRXN2	0	2	0	0	0	0	0	0	2	2	2
NUTM2B	0	0	0	0	2	0	0	0	2	2	2
OR11H12	0	0	0	0	2	0	0	0	2	2	2
OR2L3	0	0	0	0	2	0	0	0	2	2	2
OR2L8	0	0	0	0	2	0	0	0	2	2	2
OR8G2P	0	0	0	0	2	0	0	0	2	2	2
P3H2	0	0	0	0	2	0	0	0	2	2	2
PABPC1	0	1	0	0	0	0	0	1	2	2	2
PARD3B	2	0	0	0	0	0	0	0	2	2	2
PCDHA5	0	0	0	0	2	0	0	0	2	2	2
PGAP2	0	0	0	0	2	0	0	0	2	2	2
PHACTR2	2	0	0	0	0	0	0	0	2	2	2
PLIN4	0	0	0	0	2	0	0	0	2	2	2
PMS2	0	0	0	0	1	1	0	0	2	2	2
PNPLA5	0	0	0	0	0	2	0	0	2	2	2
POLD1	0	0	0	0	2	0	0	0	2	2	2
POTEE	0	0	0	0	2	0	0	0	2	2	2
PPEF2	0	0	0	0	2	0	0	0	2	2	2
PRB4	0	0	0	0	2	0	0	0	2	2	2
PRDM15	0	0	0	0	2	0	0	0	2	2	2
PROM1	0	0	1	0	1	0	0	0	2	2	2
PROM2	0	0	0	0	2	0	0	0	2	2	2
PRUNE2	0	0	0	0	0	2	0	0	2	2	2
PSMA1	2	0	0	0	0	0	0	0	2	2	2
PTMA	0	0	0	0	0	0	2	0	2	2	2
PTPN23	1	0	0	0	1	0	0	0	2	2	2
PTPRO	0	0	0	0	2	0	0	0	2	2	2
PXDNL	0	0	0	0	2	0	0	0	2	2	2
PXK	0	0	0	0	2	0	0	0	2	2	2
RAB37	0	0	0	0	2	0	0	0	2	2	2
RADIL	0	0	0	0	2	0	0	0	2	2	2
RAI1	0	0	0	0	2	0	0	0	2	2	2
RANBP2	0	0	0	0	2	0	0	0	2	2	2
RAPH1	0	0	0	0	2	0	0	0	2	2	2
RASA1	0	0	0	0	2	0	0	0	2	2	2
RBM33	0	0	1	0	1	0	0	0	2	2	2
RBMXL1	0	1	0	0	1	0	0	0	2	2	2
RELN	0	0	0	0	2	0	0	0	2	2	2
RERE	0	0	0	0	2	0	0	0	2	2	2
RFPL3	0	0	0	0	2	0	0	0	2	2	2
RHCE	0	0	0	0	2	0	0	0	2	2	2
RHPN1	0	0	0	0	2	0	0	0	2	2	2
RNF145	0	1	0	0	1	0	0	0	2	2	2
RPS27L	0	0	0	0	2	0	0	0	2	2	2
RPS6KL1	0	0	0	0	2	0	0	0	2	2	2
RSPH6A	0	0	1	1	0	0	0	0	2	2	2
RYR1	0	0	0	0	1	0	0	1	2	2	2
SAA1	0	0	0	0	2	0	0	0	2	2	2
SAR1B	1	0	0	0	1	0	0	0	2	2	2
SCIMP	1	0	0	0	1	0	0	0	2	2	2
SCOC	0	0	0	0	2	0	0	0	2	2	2
SDC4	0	0	0	0	2	0	0	0	2	2	2
SDF4	1	0	0	0	1	0	0	0	2	2	2
SEC14L5	0	0	0	0	2	0	0	0	2	2	2
SEC63	1	1	0	0	0	0	0	0	2	2	2
SEMA3G	0	0	0	0	2	0	0	0	2	2	2
SIPA1L1	0	0	1	0	1	0	0	0	2	2	2
SLC5A4	0	0	0	0	2	0	0	0	2	2	2
SLCO2B1	0	0	0	0	2	0	0	0	2	2	2
SMARCC2	2	0	0	0	0	0	0	0	2	2	2
SNX2	0	0	0	0	2	0	0	0	2	2	2
SPAG1	0	0	0	0	2	0	0	0	2	2	2
SPTBN4	0	0	0	0	2	0	0	0	2	2	2
STAC3	0	0	0	0	2	0	0	0	2	2	2
STAT5A	0	0	0	0	2	0	0	0	2	2	2
STAT5B	2	0	0	0	0	0	0	0	2	2	2
STX1B	0	0	0	0	2	0	0	0	2	2	2
TAF1C	0	0	0	0	0	2	0	0	2	2	2
TBCD	0	0	0	0	2	0	0	0	2	2	2
TCERG1	0	0	0	0	2	0	0	0	2	2	2
TCF21	0	0	0	0	2	0	0	0	2	2	2
TENM4	0	0	1	0	1	0	0	0	2	2	2
TEX2	0	0	0	0	2	0	0	0	2	2	2
TGM3	0	0	0	0	2	0	0	0	2	2	2
THAP7	0	0	0	0	2	0	0	0	2	2	2
THSD7A	0	0	0	0	2	0	0	0	2	2	2
TIMM50	0	0	0	0	2	0	0	0	2	2	2
TMCC3	0	0	0	0	2	0	0	0	2	2	2
TMEM139	0	0	0	0	2	0	0	0	2	2	2
TMIGD2	0	0	0	0	2	0	0	0	2	2	2
TMX3	0	0	0	0	0	2	0	0	2	2	2
TNFRSF18	0	0	0	0	2	0	0	0	2	2	2
TNN	1	0	0	0	1	0	0	0	2	2	2
TOP1MT	0	0	0	0	2	0	0	0	2	2	2
TP53	0	0	0	0	0	2	0	0	2	2	2
TPO	0	0	0	0	0	2	0	0	2	2	2
TRDN	0	0	0	0	2	0	0	0	2	2	2
TTC14	0	0	0	0	0	0	0	2	2	2	2
UGT1A1	0	0	0	0	2	0	0	0	2	2	2
VWA5B1	0	0	0	0	2	0	0	0	2	2	2
WDR59	0	0	0	0	2	0	0	0	2	2	2
WDR90	2	0	0	0	0	0	0	0	2	2	2
YIPF4	0	0	0	0	0	2	0	0	2	2	2
YWHAZ	0	0	0	0	2	0	0	0	2	2	2
ZCCHC4	1	0	0	0	1	0	0	0	2	2	2
ZDHHC14	0	0	0	0	2	0	0	0	2	2	2
ZMYM5	0	0	0	0	2	0	0	0	2	2	2
ZNF469	0	0	0	0	2	0	0	0	2	2	2
ZNF491	0	0	0	0	2	0	0	0	2	2	2
ZNF530	0	0	0	0	2	0	0	0	2	2	2
ZNF578	0	0	0	0	2	0	0	0	2	2	2
ZNF705G	0	0	0	0	2	0	0	0	2	2	2
ZNF718	0	0	0	0	0	0	0	2	2	2	2
ZNF727	0	0	0	0	2	0	0	0	2	2	2
ZP3	0	0	0	0	2	0	0	0	2	2	2
ZXDB	0	0	0	0	2	0	0	0	2	2	2
ZYG11A	0	0	0	0	2	0	0	0	2	2	2
ASPG	0	1	0	0	1	0	0	0	2	1	1
COG8	0	0	0	0	2	0	0	0	2	1	1
GUSB	0	0	0	0	2	0	0	0	2	1	1
LAMB4	0	0	0	0	1	0	0	1	2	1	1
MAGEE1	0	0	2	0	0	0	0	0	2	1	1
MAN2B1	0	0	0	0	1	1	0	0	2	1	1
MAP2K2	0	0	0	0	1	0	0	1	2	1	1
MYOF	0	0	0	0	2	0	0	0	2	1	1
NOS2	0	0	0	0	1	0	0	1	2	1	1
PCSK1	1	0	0	0	0	1	0	0	2	1	1
PRDX1	0	0	0	0	1	1	0	0	2	1	1
PTPN21	0	0	0	0	2	0	0	0	2	1	1
RCOR2	0	0	0	0	2	0	0	0	2	1	1
RNF212	1	0	0	1	0	0	0	0	2	1	1
SPANXC	0	0	0	0	2	0	0	0	2	1	1
TCOF1	0	0	0	0	2	0	0	0	2	1	1
ZNF347	0	0	0	0	2	0	0	0	2	1	1
ZNF728	0	0	0	0	2	0	0	0	2	1	1
AACS	1	0	0	0	0	0	0	0	1	1	1
AAMP	1	0	0	0	0	0	0	0	1	1	1
AASDH	1	0	0	0	0	0	0	0	1	1	1
AATK	0	0	0	0	0	0	1	0	1	1	1
ABCA2	0	0	0	0	1	0	0	0	1	1	1
ABCA4	0	0	0	0	1	0	0	0	1	1	1
ABCB1	0	0	0	0	1	0	0	0	1	1	1
ABCB5	0	0	0	0	1	0	0	0	1	1	1
ABCD2	0	0	0	0	1	0	0	0	1	1	1
ABHD17A	0	0	0	0	1	0	0	0	1	1	1
ABHD2	0	0	0	0	1	0	0	0	1	1	1
ABL2	0	0	0	0	0	1	0	0	1	1	1
ACADSB	0	0	0	0	1	0	0	0	1	1	1
ACOT9	0	0	0	0	1	0	0	0	1	1	1
ACPP	0	0	0	0	1	0	0	0	1	1	1
ACSL6	0	0	0	0	1	0	0	0	1	1	1
ACTG2	0	0	0	0	1	0	0	0	1	1	1
ADAM22	0	0	0	0	0	1	0	0	1	1	1
ADAMTS16	0	0	0	0	1	0	0	0	1	1	1
ADAMTS2	0	0	0	0	1	0	0	0	1	1	1
ADAMTSL3	0	0	0	0	1	0	0	0	1	1	1
ADGRB1	0	0	0	0	1	0	0	0	1	1	1
ADGRE3	0	0	0	0	1	0	0	0	1	1	1
ADGRG2	0	0	0	0	1	0	0	0	1	1	1
ADGRG7	0	0	0	0	0	1	0	0	1	1	1
ADNP2	0	1	0	0	0	0	0	0	1	1	1
ADORA2B	0	0	1	0	0	0	0	0	1	1	1
ADRA1D	0	0	0	0	1	0	0	0	1	1	1
ADRA2B	0	0	0	0	1	0	0	0	1	1	1
AFF3	0	0	0	0	1	0	0	0	1	1	1
AGAP2	0	0	0	0	1	0	0	0	1	1	1
AGL	0	0	0	0	0	1	0	0	1	1	1
AGO4	0	0	0	0	1	0	0	0	1	1	1
AHCY	0	0	0	0	1	0	0	0	1	1	1
AHNAK	0	0	0	0	1	0	0	0	1	1	1
AHRR	0	0	0	0	1	0	0	0	1	1	1
AIP	0	0	0	0	1	0	0	0	1	1	1
AJAP1	0	0	1	0	0	0	0	0	1	1	1
AKAP13	0	0	0	0	1	0	0	0	1	1	1
AKAP8L	0	0	0	0	1	0	0	0	1	1	1
AKAP9	0	0	0	0	0	1	0	0	1	1	1
AKIP1	0	0	0	0	1	0	0	0	1	1	1
AKNA	0	0	0	0	1	0	0	0	1	1	1
AKT3	0	0	0	0	1	0	0	0	1	1	1
ALG13	0	0	0	0	1	0	0	0	1	1	1
ALOX5	0	0	0	0	1	0	0	0	1	1	1
ALPK2	0	0	0	0	1	0	0	0	1	1	1
AMBRA1	0	0	0	0	0	0	0	1	1	1	1
AMOT	0	0	1	0	0	0	0	0	1	1	1
AMPD2	0	0	0	0	1	0	0	0	1	1	1
AMY2B	0	0	0	0	1	0	0	0	1	1	1
ANAPC5	0	0	0	0	1	0	0	0	1	1	1
ANKDD1A	0	0	0	0	1	0	0	0	1	1	1
ANKRD17	0	0	0	0	1	0	0	0	1	1	1
ANKRD30B	0	0	0	0	0	0	0	1	1	1	1
ANO10	1	0	0	0	0	0	0	0	1	1	1
ANTXR1	0	0	0	0	1	0	0	0	1	1	1
ANTXR2	1	0	0	0	0	0	0	0	1	1	1
APOA2	0	0	0	0	1	0	0	0	1	1	1
APOBEC1	0	0	0	0	1	0	0	0	1	1	1
APOC1	0	0	0	0	1	0	0	0	1	1	1
APTX	0	0	0	0	1	0	0	0	1	1	1
AQP10	0	0	0	0	1	0	0	0	1	1	1
ARF3	0	0	0	0	1	0	0	0	1	1	1
ARFGEF1	0	0	0	0	1	0	0	0	1	1	1
ARFGEF3	0	0	0	0	1	0	0	0	1	1	1
ARHGAP25	0	0	0	0	1	0	0	0	1	1	1
ARHGAP33	0	0	0	0	1	0	0	0	1	1	1
ARHGAP5	0	0	0	0	1	0	0	0	1	1	1
ARHGEF11	0	0	0	0	0	1	0	0	1	1	1
ARHGEF12	0	0	0	0	1	0	0	0	1	1	1
ARHGEF3	0	0	0	0	1	0	0	0	1	1	1
ARHGEF7	0	0	0	0	1	0	0	0	1	1	1
ARID1B	0	0	0	0	1	0	0	0	1	1	1
ARID3C	0	0	0	0	1	0	0	0	1	1	1
ARL10	0	0	0	0	1	0	0	0	1	1	1
ARL13B	0	0	0	0	1	0	0	0	1	1	1
ARRB2	0	0	0	0	1	0	0	0	1	1	1
ASB16	0	0	0	0	1	0	0	0	1	1	1
ASF1B	0	0	0	0	1	0	0	0	1	1	1
ATAD3A	0	0	0	0	1	0	0	0	1	1	1
ATAD5	0	0	0	0	0	0	0	1	1	1	1
ATG4D	1	0	0	0	0	0	0	0	1	1	1
ATP10A	0	0	0	0	1	0	0	0	1	1	1
ATP23	0	0	0	0	1	0	0	0	1	1	1
ATP9A	0	0	0	0	1	0	0	0	1	1	1
AUTS2	0	0	0	0	1	0	0	0	1	1	1
B4GALNT2	1	0	0	0	0	0	0	0	1	1	1
BBX	0	0	0	0	1	0	0	0	1	1	1
BCAM	1	0	0	0	0	0	0	0	1	1	1
BCAS3	0	1	0	0	0	0	0	0	1	1	1
BCKDHA	0	0	0	0	1	0	0	0	1	1	1
BCL2L13	0	0	1	0	0	0	0	0	1	1	1
BCL9	1	0	0	0	0	0	0	0	1	1	1
BCOR	0	0	0	0	1	0	0	0	1	1	1
BEGAIN	0	0	0	0	1	0	0	0	1	1	1
BHMT	1	0	0	0	0	0	0	0	1	1	1
BLK	0	0	0	0	1	0	0	0	1	1	1
BNIP1	0	1	0	0	0	0	0	0	1	1	1
BRPF1	1	0	0	0	0	0	0	0	1	1	1
BRPF3	1	0	0	0	0	0	0	0	1	1	1
C11orf57	0	1	0	0	0	0	0	0	1	1	1
C19orf57	0	0	0	0	1	0	0	0	1	1	1
C1QTNF5	0	0	0	0	0	1	0	0	1	1	1
C1orf112	0	0	0	0	1	0	0	0	1	1	1
C1orf122	1	0	0	0	0	0	0	0	1	1	1
C1orf127	0	0	0	0	1	0	0	0	1	1	1
C2CD6	0	0	0	0	1	0	0	0	1	1	1
C2orf73	0	0	0	0	1	0	0	0	1	1	1
C3orf30	0	0	1	0	0	0	0	0	1	1	1
C6orf118	0	0	0	0	1	0	0	0	1	1	1
C7orf33	0	0	0	0	1	0	0	0	1	1	1
CACNA1C	1	0	0	0	0	0	0	0	1	1	1
CACNA1H	0	0	0	0	1	0	0	0	1	1	1
CALD1	1	0	0	0	0	0	0	0	1	1	1
CALR	0	0	0	0	1	0	0	0	1	1	1
CAPN14	0	0	0	0	1	0	0	0	1	1	1
CAPS2	0	0	0	0	1	0	0	0	1	1	1
CASP5	1	0	0	0	0	0	0	0	1	1	1
CASS4	0	0	0	0	1	0	0	0	1	1	1
CCDC114	0	0	0	0	1	0	0	0	1	1	1
CCDC66	0	0	0	0	0	1	0	0	1	1	1
CCDC90B	0	0	0	0	1	0	0	0	1	1	1
CCM2	0	0	0	0	1	0	0	0	1	1	1
CCNC	0	0	0	0	0	1	0	0	1	1	1
CCNK	0	0	0	0	1	0	0	0	1	1	1
CCT8L2	0	0	0	0	1	0	0	0	1	1	1
CD101	1	0	0	0	0	0	0	0	1	1	1
CD163	0	0	0	0	0	1	0	0	1	1	1
CD276	0	0	0	0	1	0	0	0	1	1	1
CD33	1	0	0	0	0	0	0	0	1	1	1
CD40	0	0	0	0	0	1	0	0	1	1	1
CDAN1	0	0	0	0	1	0	0	0	1	1	1
CDC27	0	0	0	0	1	0	0	0	1	1	1
CDC42EP1	0	0	0	0	1	0	0	0	1	1	1
CDK15	0	0	0	0	1	0	0	0	1	1	1
CDK18	0	0	0	0	1	0	0	0	1	1	1
CDKL3	0	0	1	0	0	0	0	0	1	1	1
CDRT1	0	0	0	0	1	0	0	0	1	1	1
CELSR2	0	0	0	0	1	0	0	0	1	1	1
CELSR3	0	0	0	0	1	0	0	0	1	1	1
CEP120	0	0	0	0	1	0	0	0	1	1	1
CEP170	0	0	0	0	0	1	0	0	1	1	1
CEP170B	0	0	0	0	1	0	0	0	1	1	1
CEP290	0	1	0	0	0	0	0	0	1	1	1
CES2	0	0	0	0	1	0	0	0	1	1	1
CGNL1	0	0	0	0	1	0	0	0	1	1	1
CHD1	0	0	0	0	1	0	0	0	1	1	1
CHIC1	0	0	1	0	0	0	0	0	1	1	1
CIDEA	0	0	0	0	1	0	0	0	1	1	1
CLCA2	0	0	0	0	1	0	0	0	1	1	1
CLPTM1L	0	0	0	0	1	0	0	0	1	1	1
CNDP1	0	0	0	0	1	0	0	0	1	1	1
CNOT2	0	0	0	0	0	0	0	1	1	1	1
CNTN6	1	0	0	0	0	0	0	0	1	1	1
COL13A1	0	0	0	0	0	0	0	1	1	1	1
COL15A1	0	0	0	0	1	0	0	0	1	1	1
COL18A1	0	0	0	0	1	0	0	0	1	1	1
COL1A2	0	0	0	0	1	0	0	0	1	1	1
COL20A1	0	0	0	0	1	0	0	0	1	1	1
COL4A6	0	0	0	0	1	0	0	0	1	1	1
COL5A3	1	0	0	0	0	0	0	0	1	1	1
COL9A3	0	0	0	0	1	0	0	0	1	1	1
COMMD10	1	0	0	0	0	0	0	0	1	1	1
COPB2	0	0	0	0	1	0	0	0	1	1	1
COX5A	1	0	0	0	0	0	0	0	1	1	1
CRAMP1	0	0	0	0	1	0	0	0	1	1	1
CREB3L2	1	0	0	0	0	0	0	0	1	1	1
CRNKL1	0	0	0	0	1	0	0	0	1	1	1
CRTC1	1	0	0	0	0	0	0	0	1	1	1
CRYBG2	0	0	0	0	1	0	0	0	1	1	1
CSAG1	0	0	0	0	1	0	0	0	1	1	1
CSF2RB	0	0	0	0	1	0	0	0	1	1	1
CTDP1	0	0	0	0	1	0	0	0	1	1	1
CTH	0	0	0	0	1	0	0	0	1	1	1
CTRB2	0	0	0	0	1	0	0	0	1	1	1
CTTNBP2NL	0	0	0	0	1	0	0	0	1	1	1
CUBN	0	0	0	0	1	0	0	0	1	1	1
CUL4A	0	0	0	0	1	0	0	0	1	1	1
CWF19L2	0	0	0	0	1	0	0	0	1	1	1
CX3CR1	0	1	0	0	0	0	0	0	1	1	1
CYHR1	1	0	0	0	0	0	0	0	1	1	1
CYP4A22	0	0	0	0	1	0	0	0	1	1	1
CYP4F12	0	0	0	0	1	0	0	0	1	1	1
CYTH4	0	0	0	0	0	0	0	1	1	1	1
DAAM1	0	0	0	0	1	0	0	0	1	1	1
DAGLB	0	0	0	0	1	0	0	0	1	1	1
DCHS1	0	0	0	0	0	1	0	0	1	1	1
DDX1	1	0	0	0	0	0	0	0	1	1	1
DDX20	0	0	0	0	1	0	0	0	1	1	1
DDX27	0	0	1	0	0	0	0	0	1	1	1
DDX5	0	0	1	0	0	0	0	0	1	1	1
DDX54	0	0	1	0	0	0	0	0	1	1	1
DENND1C	1	0	0	0	0	0	0	0	1	1	1
DERL3	0	0	0	0	1	0	0	0	1	1	1
DHRS4L2	0	0	0	0	0	1	0	0	1	1	1
DIXDC1	0	0	0	0	1	0	0	0	1	1	1
DLEC1	0	0	0	0	1	0	0	0	1	1	1
DLGAP3	1	0	0	0	0	0	0	0	1	1	1
DLX2	0	0	1	0	0	0	0	0	1	1	1
DLX6	1	0	0	0	0	0	0	0	1	1	1
DMRTC2	0	0	0	0	1	0	0	0	1	1	1
DNA2	1	0	0	0	0	0	0	0	1	1	1
DNAJC1	0	0	1	0	0	0	0	0	1	1	1
DNAJC13	1	0	0	0	0	0	0	0	1	1	1
DOPEY2	0	0	0	0	1	0	0	0	1	1	1
DPP4	0	0	0	0	1	0	0	0	1	1	1
DPP6	0	0	0	0	0	0	0	1	1	1	1
DPPA3	0	0	0	0	1	0	0	0	1	1	1
DPYD	0	0	0	0	1	0	0	0	1	1	1
DSCAM	0	0	1	0	0	0	0	0	1	1	1
DSG4	0	0	0	0	1	0	0	0	1	1	1
DYRK1B	0	0	0	0	1	0	0	0	1	1	1
EBPL	0	0	0	0	0	1	0	0	1	1	1
ECM2	1	0	0	0	0	0	0	0	1	1	1
EDIL3	0	0	0	0	1	0	0	0	1	1	1
EHD2	0	0	0	0	0	1	0	0	1	1	1
EIF3C	0	0	1	0	0	0	0	0	1	1	1
EIF5AL1	0	0	0	0	1	0	0	0	1	1	1
ENOX2	0	0	0	0	1	0	0	0	1	1	1
ENTPD3	0	0	0	0	1	0	0	0	1	1	1
EP400	0	0	0	0	1	0	0	0	1	1	1
EPHA2	0	0	0	0	1	0	0	0	1	1	1
EPPK1	0	0	0	0	1	0	0	0	1	1	1
ERF	0	0	0	0	1	0	0	0	1	1	1
ERP44	1	0	0	0	0	0	0	0	1	1	1
ESPN	0	0	0	0	1	0	0	0	1	1	1
ETV3	1	0	0	0	0	0	0	0	1	1	1
ETV4	0	0	0	0	1	0	0	0	1	1	1
EWSR1	0	0	0	0	1	0	0	0	1	1	1
EXTL1	0	0	1	0	0	0	0	0	1	1	1
FAIM	0	0	0	0	1	0	0	0	1	1	1
FAM103A1	1	0	0	0	0	0	0	0	1	1	1
FAM105A	0	0	0	0	1	0	0	0	1	1	1
FAM110D	0	0	0	0	1	0	0	0	1	1	1
FAM118A	0	0	0	0	1	0	0	0	1	1	1
FAM155A	0	0	1	0	0	0	0	0	1	1	1
FAM186A	0	0	1	0	0	0	0	0	1	1	1
FAM228A	0	0	0	0	1	0	0	0	1	1	1
FAM3D	0	0	0	0	1	0	0	0	1	1	1
FAM57B	1	0	0	0	0	0	0	0	1	1	1
FAM86C1	0	0	0	0	1	0	0	0	1	1	1
FANCA	0	0	0	0	1	0	0	0	1	1	1
FANK1	0	0	0	0	1	0	0	0	1	1	1
FBLIM1	0	0	0	0	1	0	0	0	1	1	1
FBN3	0	0	0	0	1	0	0	0	1	1	1
FBXL4	0	0	0	0	1	0	0	0	1	1	1
FBXW7	0	0	0	0	1	0	0	0	1	1	1
FCGBP	0	0	0	0	1	0	0	0	1	1	1
FGF17	0	0	0	0	1	0	0	0	1	1	1
FGFR1OP2	0	0	0	0	1	0	0	0	1	1	1
FKBP8	0	0	0	0	1	0	0	0	1	1	1
FLT4	1	0	0	0	0	0	0	0	1	1	1
FMNL2	0	0	0	0	1	0	0	0	1	1	1
FN1	0	0	0	0	1	0	0	0	1	1	1
FOXB2	0	0	0	0	1	0	0	0	1	1	1
FOXD4	0	0	0	0	1	0	0	0	1	1	1
FOXD4L1	0	0	0	0	1	0	0	0	1	1	1
FOXD4L5	0	0	0	0	1	0	0	0	1	1	1
FOXL1	1	0	0	0	0	0	0	0	1	1	1
FTMT	0	0	0	0	1	0	0	0	1	1	1
FUT10	0	0	0	0	0	1	0	0	1	1	1
FXR1	1	0	0	0	0	0	0	0	1	1	1
G3BP1	0	0	0	0	0	1	0	0	1	1	1
GAA	0	0	0	0	0	1	0	0	1	1	1
GABRA4	0	0	0	0	1	0	0	0	1	1	1
GABRB1	0	0	0	0	1	0	0	0	1	1	1
GABRR1	0	0	0	0	1	0	0	0	1	1	1
GALNT11	0	0	0	0	1	0	0	0	1	1	1
GALNT15	0	0	0	0	1	0	0	0	1	1	1
GBP4	0	0	0	0	1	0	0	0	1	1	1
GBX2	0	0	0	0	1	0	0	0	1	1	1
GCNA	0	0	0	0	1	0	0	0	1	1	1
GFRA4	0	0	1	0	0	0	0	0	1	1	1
GGT2	0	0	0	0	1	0	0	0	1	1	1
GJB4	0	0	0	0	1	0	0	0	1	1	1
GLRA2	0	0	1	0	0	0	0	0	1	1	1
GNPAT	0	0	0	0	1	0	0	0	1	1	1
GOLGA3	0	0	0	0	1	0	0	0	1	1	1
GOLGA6L10	0	0	0	0	1	0	0	0	1	1	1
GOLIM4	0	0	0	0	1	0	0	0	1	1	1
GOLT1A	1	0	0	0	0	0	0	0	1	1	1
GOLT1B	0	0	0	0	1	0	0	0	1	1	1
GPAM	0	0	0	0	1	0	0	0	1	1	1
GPAT2	0	0	0	0	1	0	0	0	1	1	1
GPATCH1	0	0	0	0	0	1	0	0	1	1	1
GPBP1	0	0	0	0	1	0	0	0	1	1	1
GPC3	0	0	1	0	0	0	0	0	1	1	1
GPN3	0	0	0	0	1	0	0	0	1	1	1
GPR161	0	0	0	0	1	0	0	0	1	1	1
GRB14	0	1	0	0	0	0	0	0	1	1	1
GRHL2	0	0	0	0	1	0	0	0	1	1	1
GRID2	0	0	0	0	1	0	0	0	1	1	1
GRIN2B	0	0	1	0	0	0	0	0	1	1	1
GSDMD	0	0	0	0	1	0	0	0	1	1	1
GSTM5	0	0	0	0	1	0	0	0	1	1	1
GTF2F2	0	0	0	0	1	0	0	0	1	1	1
GTF3C3	0	1	0	0	0	0	0	0	1	1	1
HABP4	0	0	0	0	1	0	0	0	1	1	1
HASPIN	0	0	0	0	1	0	0	0	1	1	1
HCAR1	0	0	0	0	1	0	0	0	1	1	1
HCAR3	0	0	0	0	1	0	0	0	1	1	1
HDAC9	0	0	0	0	1	0	0	0	1	1	1
HEATR3	0	0	0	0	1	0	0	0	1	1	1
HES7	1	0	0	0	0	0	0	0	1	1	1
HEY2	0	0	0	0	1	0	0	0	1	1	1
HIRA	0	0	0	0	1	0	0	0	1	1	1
HIST1H3I	0	0	0	0	1	0	0	0	1	1	1
HLA-DRB5	0	0	0	0	1	0	0	0	1	1	1
HMGB2	0	0	1	0	0	0	0	0	1	1	1
HNRNPA3	0	0	0	0	0	1	0	0	1	1	1
HNRNPCL2	0	0	0	0	1	0	0	0	1	1	1
HNRNPU	0	0	0	0	1	0	0	0	1	1	1
HOMEZ	1	0	0	0	0	0	0	0	1	1	1
HOXB2	1	0	0	0	0	0	0	0	1	1	1
HOXC9	0	0	1	0	0	0	0	0	1	1	1
HOXD11	0	0	0	0	1	0	0	0	1	1	1
HOXD13	0	0	0	0	1	0	0	0	1	1	1
HOXD3	1	0	0	0	0	0	0	0	1	1	1
HPCAL1	0	0	0	0	0	1	0	0	1	1	1
HR	1	0	0	0	0	0	0	0	1	1	1
HRASLS5	0	0	0	0	1	0	0	0	1	1	1
HRNR	0	0	0	0	1	0	0	0	1	1	1
HS6ST3	0	0	0	0	1	0	0	0	1	1	1
HSD17B14	1	0	0	0	0	0	0	0	1	1	1
HSF1	0	0	0	0	1	0	0	0	1	1	1
HSPA2	0	0	0	0	1	0	0	0	1	1	1
IARS	1	0	0	0	0	0	0	0	1	1	1
IFNA17	0	0	0	0	1	0	0	0	1	1	1
IFNA7	0	0	0	0	1	0	0	0	1	1	1
IFT172	0	0	0	0	1	0	0	0	1	1	1
IKZF2	0	0	0	0	1	0	0	0	1	1	1
IL20RA	0	0	0	0	0	0	0	1	1	1	1
INF2	1	0	0	0	0	0	0	0	1	1	1
INPPL1	0	0	0	0	1	0	0	0	1	1	1
IPO11	0	0	0	0	1	0	0	0	1	1	1
IQGAP3	0	0	0	0	1	0	0	0	1	1	1
ITGA3	0	0	0	0	1	0	0	0	1	1	1
ITGB2	0	0	0	0	1	0	0	0	1	1	1
ITPKA	0	0	0	0	1	0	0	0	1	1	1
ITPR3	0	0	0	0	1	0	0	0	1	1	1
ITSN2	0	0	0	0	1	0	0	0	1	1	1
IVL	0	0	0	0	1	0	0	0	1	1	1
JCAD	0	0	0	0	1	0	0	0	1	1	1
JMY	0	0	0	0	1	0	0	0	1	1	1
KALRN	0	0	0	0	1	0	0	0	1	1	1
KCNQ1	0	0	0	0	1	0	0	0	1	1	1
KDELC1	0	0	0	0	1	0	0	0	1	1	1
KDM6B	0	0	0	0	1	0	0	0	1	1	1
KIAA1217	0	0	0	0	1	0	0	0	1	1	1
KIAA1324L	0	0	0	0	1	0	0	0	1	1	1
KIAA1683	0	0	0	0	1	0	0	0	1	1	1
KIAA2026	0	0	1	0	0	0	0	0	1	1	1
KIF14	0	0	0	0	0	1	0	0	1	1	1
KLC1	0	0	1	0	0	0	0	0	1	1	1
KLHL29	0	0	0	0	0	1	0	0	1	1	1
KLHL30	0	0	0	0	0	1	0	0	1	1	1
KLRC4	0	0	1	0	0	0	0	0	1	1	1
KMT2B	0	0	0	0	1	0	0	0	1	1	1
KMT2D	0	0	1	0	0	0	0	0	1	1	1
KMT2E	0	0	0	0	1	0	0	0	1	1	1
KRBOX4	0	0	1	0	0	0	0	0	1	1	1
KRT1	0	0	1	0	0	0	0	0	1	1	1
KRT10	0	0	0	0	1	0	0	0	1	1	1
KRT12	0	0	0	0	1	0	0	0	1	1	1
KRT2	0	0	0	0	1	0	0	0	1	1	1
KRT38	0	0	0	0	1	0	0	0	1	1	1
KRT4	0	0	0	0	1	0	0	0	1	1	1
KRT5	0	0	0	0	1	0	0	0	1	1	1
KRT6B	0	0	0	0	1	0	0	0	1	1	1
KRT76	0	0	0	0	1	0	0	0	1	1	1
KRTAP10-2	0	0	0	0	1	0	0	0	1	1	1
KRTAP10-5	0	0	0	0	1	0	0	0	1	1	1
KRTAP10-6	0	0	0	0	1	0	0	0	1	1	1
KRTAP2-3	0	0	1	0	0	0	0	0	1	1	1
KRTAP4-7	0	0	0	0	1	0	0	0	1	1	1
KRTAP4-9	0	0	0	0	1	0	0	0	1	1	1
KSR1	0	1	0	0	0	0	0	0	1	1	1
LAMC3	0	0	0	0	1	0	0	0	1	1	1
LARP7	0	0	0	1	0	0	0	0	1	1	1
LATS2	1	0	0	0	0	0	0	0	1	1	1
LDLR	0	0	0	0	1	0	0	0	1	1	1
LHX1	0	0	0	0	1	0	0	0	1	1	1
LILRA2	0	0	0	0	0	0	0	1	1	1	1
LILRB4	0	0	0	0	1	0	0	0	1	1	1
LIMK2	1	0	0	0	0	0	0	0	1	1	1
LLGL2	0	0	0	0	1	0	0	0	1	1	1
LNX1	0	0	0	0	1	0	0	0	1	1	1
LOC100129697	0	0	0	0	1	0	0	0	1	1	1
LOC729159	1	0	0	0	0	0	0	0	1	1	1
LOXL3	1	0	0	0	0	0	0	0	1	1	1
LRP5	0	0	0	0	1	0	0	0	1	1	1
LRP6	0	0	0	0	1	0	0	0	1	1	1
LRRC4C	0	0	0	0	0	0	0	1	1	1	1
LTBP3	0	0	0	0	1	0	0	0	1	1	1
LTN1	0	0	0	0	1	0	0	0	1	1	1
LY75	0	0	0	0	1	0	0	0	1	1	1
LYPD3	0	0	1	0	0	0	0	0	1	1	1
MAB21L2	0	0	0	0	1	0	0	0	1	1	1
MAFK	1	0	0	0	0	0	0	0	1	1	1
MAGEC1	0	0	0	0	1	0	0	0	1	1	1
MAGEL2	0	0	0	0	1	0	0	0	1	1	1
MAJIN	0	0	0	0	1	0	0	0	1	1	1
MAP3K3	0	0	0	0	1	0	0	0	1	1	1
MAP3K7	0	0	1	0	0	0	0	0	1	1	1
MARCH10	0	0	0	0	1	0	0	0	1	1	1
MAU2	0	0	0	0	1	0	0	0	1	1	1
MBD3	0	0	1	0	0	0	0	0	1	1	1
MDS2	0	0	0	1	0	0	0	0	1	1	1
MECOM	1	0	0	0	0	0	0	0	1	1	1
METTL27	1	0	0	0	0	0	0	0	1	1	1
METTL9	0	0	0	0	1	0	0	0	1	1	1
MFN1	0	0	0	0	1	0	0	0	1	1	1
MGAM	0	0	0	0	1	0	0	0	1	1	1
MIA2	0	0	0	0	0	1	0	0	1	1	1
MIER2	0	0	0	0	0	1	0	0	1	1	1
MIF4GD	0	0	1	0	0	0	0	0	1	1	1
MIOX	0	0	0	0	1	0	0	0	1	1	1
MKI67	0	0	0	0	1	0	0	0	1	1	1
MKL2	0	0	0	0	1	0	0	0	1	1	1
MKNK2	0	0	0	0	1	0	0	0	1	1	1
MMRN1	0	0	0	0	1	0	0	0	1	1	1
MNS1	1	0	0	0	0	0	0	0	1	1	1
MOAP1	0	0	0	0	1	0	0	0	1	1	1
MPV17	0	0	1	0	0	0	0	0	1	1	1
MRC2	0	0	1	0	0	0	0	0	1	1	1
MRPS12	0	0	0	0	1	0	0	0	1	1	1
MRPS5	1	0	0	0	0	0	0	0	1	1	1
MSX1	0	0	0	0	1	0	0	0	1	1	1
MT1HL1	0	0	0	0	1	0	0	0	1	1	1
MTA1	0	0	0	0	0	1	0	0	1	1	1
MTHFSD	0	0	0	0	1	0	0	0	1	1	1
MUC12	0	0	0	0	1	0	0	0	1	1	1
MUC16	0	0	0	0	0	0	0	1	1	1	1
MUM1	0	0	0	0	1	0	0	0	1	1	1
MVP	0	0	0	0	1	0	0	0	1	1	1
MYBPC3	0	0	0	0	1	0	0	0	1	1	1
MYC	0	0	1	0	0	0	0	0	1	1	1
MYH14	0	0	0	0	1	0	0	0	1	1	1
MYH6	0	0	0	0	1	0	0	0	1	1	1
MYH7B	0	0	0	0	1	0	0	0	1	1	1
MYLK	0	0	0	0	1	0	0	0	1	1	1
MYO15A	0	0	0	0	0	0	0	1	1	1	1
NAA15	0	0	0	0	1	0	0	0	1	1	1
NAA25	0	0	0	0	1	0	0	0	1	1	1
NBPF26	0	0	0	0	1	0	0	0	1	1	1
NCK2	0	0	0	0	1	0	0	0	1	1	1
NCKAP5L	0	0	0	0	1	0	0	0	1	1	1
NCL	0	0	0	0	1	0	0	0	1	1	1
NCOA3	0	0	0	0	1	0	0	0	1	1	1
NCOA7	0	0	0	0	1	0	0	0	1	1	1
NCOR1	0	0	0	0	1	0	0	0	1	1	1
NCOR2	1	0	0	0	0	0	0	0	1	1	1
NECTIN2	0	0	0	0	1	0	0	0	1	1	1
NELFCD	0	0	0	0	1	0	0	0	1	1	1
NFE2L1	1	0	0	0	0	0	0	0	1	1	1
NFKB2	0	0	0	0	0	1	0	0	1	1	1
NFKBIZ	0	0	0	0	0	0	0	1	1	1	1
NGEF	0	0	0	0	1	0	0	0	1	1	1
NGFR	0	0	0	0	1	0	0	0	1	1	1
NIPBL	1	0	0	0	0	0	0	0	1	1	1
NKX1-2	0	0	0	0	1	0	0	0	1	1	1
NKX2-2	1	0	0	0	0	0	0	0	1	1	1
NKX3-2	0	0	0	0	1	0	0	0	1	1	1
NLGN3	1	0	0	0	0	0	0	0	1	1	1
NLRC5	0	0	0	0	1	0	0	0	1	1	1
NLRP11	0	0	0	0	1	0	0	0	1	1	1
NLRP4	0	0	0	0	1	0	0	0	1	1	1
NLRP5	0	0	0	0	1	0	0	0	1	1	1
NLRP6	0	0	1	0	0	0	0	0	1	1	1
NMD3	0	0	0	0	1	0	0	0	1	1	1
NOL3	0	0	0	0	0	1	0	0	1	1	1
NOP56	0	0	0	0	1	0	0	0	1	1	1
NPC1L1	0	0	0	0	1	0	0	0	1	1	1
NPSR1	0	0	0	0	1	0	0	0	1	1	1
NR1H3	0	0	0	0	1	0	0	0	1	1	1
NR3C1	0	0	0	0	1	0	0	0	1	1	1
NREP	0	0	0	0	1	0	0	0	1	1	1
NRG3	0	0	0	0	1	0	0	0	1	1	1
NRP2	0	0	0	0	1	0	0	0	1	1	1
NT5C3A	0	0	0	0	1	0	0	0	1	1	1
NTF3	0	0	0	0	1	0	0	0	1	1	1
NXF5	0	0	0	0	1	0	0	0	1	1	1
OASL	1	0	0	0	0	0	0	0	1	1	1
OBP2B	0	0	0	0	1	0	0	0	1	1	1
OBSCN	0	0	0	0	1	0	0	0	1	1	1
OBSL1	0	0	0	0	1	0	0	0	1	1	1
ODF3	0	0	0	0	1	0	0	0	1	1	1
OR10T2	0	0	0	0	1	0	0	0	1	1	1
OR2M5	0	0	0	0	1	0	0	0	1	1	1
OR2T33	0	0	0	0	1	0	0	0	1	1	1
OR51Q1	1	0	0	0	0	0	0	0	1	1	1
OR52D1	0	0	0	0	1	0	0	0	1	1	1
OR52E8	0	0	0	0	1	0	0	0	1	1	1
OR5D18	0	0	0	0	1	0	0	0	1	1	1
OR7A10	0	0	0	0	1	0	0	0	1	1	1
OR7C1	0	1	0	0	0	0	0	0	1	1	1
OR7E24	1	0	0	0	0	0	0	0	1	1	1
OS9	0	0	0	0	1	0	0	0	1	1	1
OSBPL8	1	0	0	0	0	0	0	0	1	1	1
OTOG	0	0	0	0	1	0	0	0	1	1	1
OVCH1	0	0	0	0	1	0	0	0	1	1	1
PALB2	0	0	0	0	1	0	0	0	1	1	1
PAPOLA	0	0	0	0	1	0	0	0	1	1	1
PARP8	0	0	0	0	1	0	0	0	1	1	1
PARP9	0	0	0	0	1	0	0	0	1	1	1
PAX3	0	0	0	0	1	0	0	0	1	1	1
PAX7	0	0	0	0	1	0	0	0	1	1	1
PCDHA1	0	0	0	0	1	0	0	0	1	1	1
PCDHA10	0	0	0	0	1	0	0	0	1	1	1
PCDHA3	0	0	0	0	1	0	0	0	1	1	1
PCDHA6	0	0	0	0	1	0	0	0	1	1	1
PCDHB12	0	0	0	0	1	0	0	0	1	1	1
PCDHB5	0	0	0	0	1	0	0	0	1	1	1
PCDHB7	0	0	0	0	1	0	0	0	1	1	1
PCDHGA6	0	0	0	0	1	0	0	0	1	1	1
PCNX1	0	0	0	0	1	0	0	0	1	1	1
PDE11A	0	0	0	0	1	0	0	0	1	1	1
PDE8B	0	0	0	0	1	0	0	0	1	1	1
PDGFRA	0	0	0	0	1	0	0	0	1	1	1
PDZD3	1	0	0	0	0	0	0	0	1	1	1
PDZD7	0	0	0	0	1	0	0	0	1	1	1
PER1	0	0	0	0	1	0	0	0	1	1	1
PER3	0	0	0	0	1	0	0	0	1	1	1
PEX5L	0	0	0	0	1	0	0	0	1	1	1
PF4	0	0	0	0	1	0	0	0	1	1	1
PFKM	0	0	0	0	1	0	0	0	1	1	1
PGM5	0	0	0	0	1	0	0	0	1	1	1
PGRMC2	0	0	0	0	1	0	0	0	1	1	1
PHKB	0	0	0	0	1	0	0	0	1	1	1
PIK3R5	0	0	0	0	1	0	0	0	1	1	1
PILRA	0	0	0	0	1	0	0	0	1	1	1
PINK1	0	0	0	0	1	0	0	0	1	1	1
PIP5K1A	0	0	0	0	1	0	0	0	1	1	1
PITRM1	0	0	0	0	0	1	0	0	1	1	1
PKHD1	0	0	0	0	1	0	0	0	1	1	1
PKHD1L1	0	0	0	0	1	0	0	0	1	1	1
PLA2G4C	0	0	0	0	0	1	0	0	1	1	1
PLAU	1	0	0	0	0	0	0	0	1	1	1
PLCE1	0	0	0	0	1	0	0	0	1	1	1
PLEKHA6	0	0	0	0	1	0	0	0	1	1	1
PLEKHG5	0	0	1	0	0	0	0	0	1	1	1
PLOD1	0	0	0	0	1	0	0	0	1	1	1
PLPP4	0	0	0	0	1	0	0	0	1	1	1
PLRG1	0	0	0	0	1	0	0	0	1	1	1
PLXDC2	0	0	0	0	1	0	0	0	1	1	1
PLXNA3	1	0	0	0	0	0	0	0	1	1	1
PNKP	0	0	0	0	1	0	0	0	1	1	1
PNPLA2	0	1	0	0	0	0	0	0	1	1	1
POLD3	0	1	0	0	0	0	0	0	1	1	1
POLG	0	0	0	0	1	0	0	0	1	1	1
POM121	0	0	0	1	0	0	0	0	1	1	1
POTEB	1	0	0	0	0	0	0	0	1	1	1
POTEC	0	0	0	0	1	0	0	0	1	1	1
POTEF	0	0	0	0	1	0	0	0	1	1	1
POTEH	0	0	0	0	1	0	0	0	1	1	1
POU1F1	0	0	0	0	1	0	0	0	1	1	1
PPP4R4	1	0	0	0	0	0	0	0	1	1	1
PPP6R1	0	0	0	0	0	0	0	1	1	1	1
PRAMEF1	1	0	0	0	0	0	0	0	1	1	1
PRAMEF2	0	0	0	0	1	0	0	0	1	1	1
PRDM2	0	0	0	0	1	0	0	0	1	1	1
PRDM8	1	0	0	0	0	0	0	0	1	1	1
PREPL	0	0	0	0	1	0	0	0	1	1	1
PRH2	0	0	0	0	1	0	0	0	1	1	1
PRKAR1A	0	0	0	0	1	0	0	0	1	1	1
PRLHR	0	0	0	0	1	0	0	0	1	1	1
PRLR	0	0	0	0	1	0	0	0	1	1	1
PRM3	0	0	0	0	1	0	0	0	1	1	1
PRMT1	1	0	0	0	0	0	0	0	1	1	1
PROSER1	0	0	0	0	1	0	0	0	1	1	1
PROSER2	1	0	0	0	0	0	0	0	1	1	1
PRPF38A	0	0	0	0	1	0	0	0	1	1	1
PRR29	0	0	1	0	0	0	0	0	1	1	1
PRR34	1	0	0	0	0	0	0	0	1	1	1
PRRC2C	0	0	1	0	0	0	0	0	1	1	1
PRSS3	1	0	0	0	0	0	0	0	1	1	1
PSG6	0	0	0	0	1	0	0	0	1	1	1
PSMC2	0	0	0	0	1	0	0	0	1	1	1
PSMD1	0	0	0	0	1	0	0	0	1	1	1
PSTPIP2	0	0	0	0	0	1	0	0	1	1	1
PTCHD4	0	0	0	0	0	1	0	0	1	1	1
PTDSS1	0	0	0	0	0	1	0	0	1	1	1
PTK2	0	0	0	0	1	0	0	0	1	1	1
PTK7	0	0	0	0	1	0	0	0	1	1	1
PTOV1	0	0	0	0	1	0	0	0	1	1	1
PTPRM	0	0	0	0	1	0	0	0	1	1	1
PWP1	0	0	0	0	1	0	0	0	1	1	1
PXDN	0	0	0	0	0	1	0	0	1	1	1
QSER1	0	0	0	0	1	0	0	0	1	1	1
R3HDM4	0	0	0	0	1	0	0	0	1	1	1
RAB2B	0	0	0	0	1	0	0	0	1	1	1
RAB34	0	0	0	0	1	0	0	0	1	1	1
RAB4B	0	0	0	0	0	1	0	0	1	1	1
RABL6	0	0	1	0	0	0	0	0	1	1	1
RALGAPA1	0	0	0	0	1	0	0	0	1	1	1
RALGAPB	0	0	0	0	0	1	0	0	1	1	1
RANBP10	0	0	1	0	0	0	0	0	1	1	1
RAPGEFL1	0	0	0	0	1	0	0	0	1	1	1
RASGEF1B	0	1	0	0	0	0	0	0	1	1	1
RBBP8	0	1	0	0	0	0	0	0	1	1	1
RBFOX3	0	0	0	0	1	0	0	0	1	1	1
RBM15	0	0	0	0	0	0	0	1	1	1	1
RBM39	0	0	0	0	1	0	0	0	1	1	1
RBM45	1	0	0	0	0	0	0	0	1	1	1
RECQL	0	0	0	0	1	0	0	0	1	1	1
REN	0	0	0	0	1	0	0	0	1	1	1
REXO1	0	0	0	0	1	0	0	0	1	1	1
REXO5	1	0	0	0	0	0	0	0	1	1	1
RFPL1	0	0	0	0	1	0	0	0	1	1	1
RHD	0	0	0	0	1	0	0	0	1	1	1
RHOBTB2	0	0	1	0	0	0	0	0	1	1	1
RIMBP3	1	0	0	0	0	0	0	0	1	1	1
RIMS4	0	0	0	0	1	0	0	0	1	1	1
RNF20	0	0	0	0	1	0	0	0	1	1	1
RNF213	0	0	0	0	1	0	0	0	1	1	1
ROBO4	0	0	0	0	1	0	0	0	1	1	1
ROM1	0	1	0	0	0	0	0	0	1	1	1
RP1L1	0	0	0	0	0	1	0	0	1	1	1
RPL10L	0	0	0	0	0	1	0	0	1	1	1
RPL17	0	0	1	0	0	0	0	0	1	1	1
RPL9	1	0	0	0	0	0	0	0	1	1	1
RPS3A	1	0	0	0	0	0	0	0	1	1	1
RPTN	0	0	1	0	0	0	0	0	1	1	1
RRM1	1	0	0	0	0	0	0	0	1	1	1
RRN3	1	0	0	0	0	0	0	0	1	1	1
RRP12	0	0	1	0	0	0	0	0	1	1	1
RTN2	1	0	0	0	0	0	0	0	1	1	1
RTTN	0	0	1	0	0	0	0	0	1	1	1
RYR2	0	1	0	0	0	0	0	0	1	1	1
SAFB2	1	0	0	0	0	0	0	0	1	1	1
SAMD9L	0	0	0	0	1	0	0	0	1	1	1
SBNO2	0	0	0	0	1	0	0	0	1	1	1
SCAF1	0	0	1	0	0	0	0	0	1	1	1
SCAF11	1	0	0	0	0	0	0	0	1	1	1
SCAF4	0	0	0	0	0	1	0	0	1	1	1
SCARB2	0	0	0	0	1	0	0	0	1	1	1
SCIN	0	0	0	0	1	0	0	0	1	1	1
SCN8A	0	0	0	0	1	0	0	0	1	1	1
SDCCAG3	0	0	0	0	1	0	0	0	1	1	1
SDK1	1	0	0	0	0	0	0	0	1	1	1
SEL1L2	0	0	0	0	1	0	0	0	1	1	1
SEMA4F	1	0	0	0	0	0	0	0	1	1	1
SEMA5A	0	0	0	0	1	0	0	0	1	1	1
SERPINB3	0	0	1	0	0	0	0	0	1	1	1
SERPINB6	0	0	0	0	1	0	0	0	1	1	1
SERPINE1	0	0	0	0	1	0	0	0	1	1	1
SETD1A	0	0	0	0	1	0	0	0	1	1	1
SETD5	0	0	0	0	1	0	0	0	1	1	1
SETD6	0	0	0	0	1	0	0	0	1	1	1
SEZ6L	0	0	0	0	1	0	0	0	1	1	1
SFT2D2	0	0	0	0	0	1	0	0	1	1	1
SFXN4	0	0	0	0	1	0	0	0	1	1	1
SGIP1	0	0	1	0	0	0	0	0	1	1	1
SH2B1	0	0	0	0	1	0	0	0	1	1	1
SH2D3C	0	0	0	0	1	0	0	0	1	1	1
SH2D6	0	0	0	0	1	0	0	0	1	1	1
SH3BP4	0	0	0	0	1	0	0	0	1	1	1
SHANK2	0	0	0	0	1	0	0	0	1	1	1
SIGLEC12	0	0	0	0	1	0	0	0	1	1	1
SIMC1	0	0	0	0	1	0	0	0	1	1	1
SKIDA1	1	0	0	0	0	0	0	0	1	1	1
SLC10A4	0	0	0	0	1	0	0	0	1	1	1
SLC12A7	1	0	0	0	0	0	0	0	1	1	1
SLC15A2	0	0	0	0	1	0	0	0	1	1	1
SLC25A2	1	0	0	0	0	0	0	0	1	1	1
SLC25A36	0	0	0	0	0	0	0	1	1	1	1
SLC2A2	0	0	1	0	0	0	0	0	1	1	1
SLC2A7	0	0	0	0	1	0	0	0	1	1	1
SLC35F5	1	0	0	0	0	0	0	0	1	1	1
SLC38A10	1	0	0	0	0	0	0	0	1	1	1
SLC38A5	0	0	0	0	1	0	0	0	1	1	1
SLC39A5	0	0	0	0	1	0	0	0	1	1	1
SLC44A1	0	0	0	0	1	0	0	0	1	1	1
SLC5A10	0	0	0	0	1	0	0	0	1	1	1
SLC5A3	1	0	0	0	0	0	0	0	1	1	1
SLC6A15	0	0	0	0	1	0	0	0	1	1	1
SLC9A5	0	0	1	0	0	0	0	0	1	1	1
SLCO5A1	0	0	0	0	1	0	0	0	1	1	1
SMAD4	0	0	0	0	1	0	0	0	1	1	1
SMARCA1	0	0	0	0	1	0	0	0	1	1	1
SMARCA5	0	0	0	0	1	0	0	0	1	1	1
SMARCAL1	0	0	0	0	1	0	0	0	1	1	1
SMC4	0	0	0	0	1	0	0	0	1	1	1
SMDT1	0	0	0	0	1	0	0	0	1	1	1
SMG1	0	0	0	0	1	0	0	0	1	1	1
SMG7	0	0	0	0	0	0	0	1	1	1	1
SMIM7	0	0	0	0	1	0	0	0	1	1	1
SMOX	0	0	0	0	1	0	0	0	1	1	1
SMU1	0	0	0	0	1	0	0	0	1	1	1
SNED1	0	0	0	0	1	0	0	0	1	1	1
SNX7	0	0	0	0	1	0	0	0	1	1	1
SOS2	0	0	0	0	1	0	0	0	1	1	1
SOX3	0	0	0	0	1	0	0	0	1	1	1
SP140	0	0	0	0	1	0	0	0	1	1	1
SPAG8	1	0	0	0	0	0	0	0	1	1	1
SPATA1	0	0	0	0	1	0	0	0	1	1	1
SPATA31C2	0	0	0	0	1	0	0	0	1	1	1
SPEN	0	0	0	0	1	0	0	0	1	1	1
SPG11	0	0	0	0	1	0	0	0	1	1	1
SPG7	0	0	0	0	1	0	0	0	1	1	1
SPINK5	0	0	0	0	1	0	0	0	1	1	1
SPOCK3	0	0	0	0	1	0	0	0	1	1	1
SPRR4	0	0	0	0	1	0	0	0	1	1	1
SPTLC1	0	0	0	0	1	0	0	0	1	1	1
SREBF2	0	0	0	0	1	0	0	0	1	1	1
SRPK3	1	0	0	0	0	0	0	0	1	1	1
SRSF1	1	0	0	0	0	0	0	0	1	1	1
SSC5D	0	0	1	0	0	0	0	0	1	1	1
SSH2	1	0	0	0	0	0	0	0	1	1	1
ST3GAL1	0	0	0	0	1	0	0	0	1	1	1
STK39	0	0	0	0	1	0	0	0	1	1	1
STOML3	0	0	1	0	0	0	0	0	1	1	1
STRC	0	0	0	0	1	0	0	0	1	1	1
STYX	0	0	0	0	1	0	0	0	1	1	1
SUN1	0	0	0	0	1	0	0	0	1	1	1
SUPT7L	0	0	1	0	0	0	0	0	1	1	1
SURF2	0	0	1	0	0	0	0	0	1	1	1
SUZ12	0	0	1	0	0	0	0	0	1	1	1
SYCP1	1	0	0	0	0	0	0	0	1	1	1
SYNCRIP	0	0	0	0	1	0	0	0	1	1	1
SYNJ2	1	0	0	0	0	0	0	0	1	1	1
SYNRG	1	0	0	0	0	0	0	0	1	1	1
SYT15	0	0	0	0	0	1	0	0	1	1	1
TACR2	1	0	0	0	0	0	0	0	1	1	1
TAF1	0	0	0	0	1	0	0	0	1	1	1
TARS	0	0	1	0	0	0	0	0	1	1	1
TAS1R1	0	0	1	0	0	0	0	0	1	1	1
TBC1D2B	0	0	0	0	0	1	0	0	1	1	1
TBK1	0	0	0	0	1	0	0	0	1	1	1
TBR1	0	0	0	0	1	0	0	0	1	1	1
TCF3	0	0	0	0	1	0	0	0	1	1	1
TDGF1	0	0	0	0	1	0	0	0	1	1	1
TELO2	1	0	0	0	0	0	0	0	1	1	1
TERB1	0	0	0	0	1	0	0	0	1	1	1
TET1	0	0	0	0	1	0	0	0	1	1	1
TFAP2A	0	0	0	0	1	0	0	0	1	1	1
THBS2	0	0	1	0	0	0	0	0	1	1	1
THBS4	0	0	0	0	1	0	0	0	1	1	1
THRAP3	0	0	1	0	0	0	0	0	1	1	1
THSD7B	0	0	0	0	1	0	0	0	1	1	1
THUMPD2	1	0	0	0	0	0	0	0	1	1	1
TIMM44	1	0	0	0	0	0	0	0	1	1	1
TIPIN	0	0	0	0	0	1	0	0	1	1	1
TJP1	0	0	0	0	1	0	0	0	1	1	1
TJP2	0	0	0	0	1	0	0	0	1	1	1
TLE4	0	0	0	0	1	0	0	0	1	1	1
TLL1	0	0	0	0	1	0	0	0	1	1	1
TLN2	1	0	0	0	0	0	0	0	1	1	1
TM7SF2	0	0	0	0	1	0	0	0	1	1	1
TM9SF4	0	0	0	0	1	0	0	0	1	1	1
TMC3	0	0	0	0	1	0	0	0	1	1	1
TMEFF2	0	0	0	0	0	1	0	0	1	1	1
TMEM126B	0	0	0	0	1	0	0	0	1	1	1
TMEM131	0	0	1	0	0	0	0	0	1	1	1
TMEM132C	0	0	0	0	1	0	0	0	1	1	1
TMEM184B	0	0	0	0	1	0	0	0	1	1	1
TMEM185B	0	0	0	0	1	0	0	0	1	1	1
TMEM199	0	0	0	0	1	0	0	0	1	1	1
TMEM63A	0	0	1	0	0	0	0	0	1	1	1
TMPRSS6	0	0	0	0	1	0	0	0	1	1	1
TNFRSF11A	0	0	0	0	0	1	0	0	1	1	1
TNKS1BP1	0	0	0	0	1	0	0	0	1	1	1
TNRC18	0	0	0	0	1	0	0	0	1	1	1
TNS4	0	0	0	0	1	0	0	0	1	1	1
TOM1	0	0	0	0	1	0	0	0	1	1	1
TP53TG3D	0	0	0	0	1	0	0	0	1	1	1
TPH1	0	0	0	0	1	0	0	0	1	1	1
TPPP	1	0	0	0	0	0	0	0	1	1	1
TRAPPC8	0	0	0	0	0	1	0	0	1	1	1
TRIM29	0	0	0	0	1	0	0	0	1	1	1
TRIM46	0	1	0	0	0	0	0	0	1	1	1
TRPC4	0	0	0	0	1	0	0	0	1	1	1
TSC1	0	0	0	0	1	0	0	0	1	1	1
TSEN54	0	0	0	0	1	0	0	0	1	1	1
TSPAN32	0	0	0	0	1	0	0	0	1	1	1
TTC24	0	0	0	0	1	0	0	0	1	1	1
TTC3	0	0	0	0	1	0	0	0	1	1	1
TTC38	0	0	0	0	1	0	0	0	1	1	1
TTI1	0	0	0	0	0	1	0	0	1	1	1
TTLL3	0	0	0	0	1	0	0	0	1	1	1
TTLL5	1	0	0	0	0	0	0	0	1	1	1
TTN	0	0	0	0	1	0	0	0	1	1	1
TUBB3	0	0	0	0	1	0	0	0	1	1	1
TULP2	0	0	0	0	1	0	0	0	1	1	1
TULP4	0	0	0	0	1	0	0	0	1	1	1
TYMSOS	0	0	0	0	1	0	0	0	1	1	1
TYRO3	1	0	0	0	0	0	0	0	1	1	1
U2AF1	0	0	0	0	1	0	0	0	1	1	1
UBASH3A	0	0	0	0	1	0	0	0	1	1	1
UBC	0	0	0	0	1	0	0	0	1	1	1
UBE2O	1	0	0	0	0	0	0	0	1	1	1
UBR4	0	0	0	0	1	0	0	0	1	1	1
UBR5	0	0	0	0	1	0	0	0	1	1	1
UGT1A8	1	0	0	0	0	0	0	0	1	1	1
UGT2B28	0	0	0	0	1	0	0	0	1	1	1
UNC93A	0	0	0	0	1	0	0	0	1	1	1
USH1C	0	0	0	0	1	0	0	0	1	1	1
USP25	0	0	0	0	1	0	0	0	1	1	1
USP40	0	1	0	0	0	0	0	0	1	1	1
USP48	1	0	0	0	0	0	0	0	1	1	1
UTP3	0	0	1	0	0	0	0	0	1	1	1
UTRN	0	0	0	0	1	0	0	0	1	1	1
VASP	0	0	0	0	1	0	0	0	1	1	1
VILL	0	0	0	0	0	0	0	1	1	1	1
VPS29	0	0	1	0	0	0	0	0	1	1	1
VPS36	0	0	0	0	1	0	0	0	1	1	1
VRK2	0	0	1	0	0	0	0	0	1	1	1
VSIG2	0	0	0	0	1	0	0	0	1	1	1
WASF2	0	0	1	0	0	0	0	0	1	1	1
WBP11	1	0	0	0	0	0	0	0	1	1	1
WDR66	0	0	0	0	1	0	0	0	1	1	1
WDR87	0	0	1	0	0	0	0	0	1	1	1
WIPF3	0	0	0	0	1	0	0	0	1	1	1
WNT10A	0	0	0	0	1	0	0	0	1	1	1
WWC2	0	0	0	0	0	0	0	1	1	1	1
XAB2	1	0	0	0	0	0	0	0	1	1	1
XPOT	1	0	0	0	0	0	0	0	1	1	1
YIPF2	0	0	0	0	0	0	0	1	1	1	1
ZBTB1	1	0	0	0	0	0	0	0	1	1	1
ZBTB17	0	0	0	0	0	0	0	1	1	1	1
ZC3H4	0	0	0	0	1	0	0	0	1	1	1
ZFHX3	0	0	0	0	1	0	0	0	1	1	1
ZFHX4	0	0	0	0	1	0	0	0	1	1	1
ZFP37	0	0	0	0	1	0	0	0	1	1	1
ZFYVE1	0	0	1	0	0	0	0	0	1	1	1
ZFYVE26	0	0	0	0	0	0	0	1	1	1	1
ZKSCAN7	0	0	1	0	0	0	0	0	1	1	1
ZNF107	0	0	0	0	1	0	0	0	1	1	1
ZNF141	0	0	0	0	1	0	0	0	1	1	1
ZNF180	0	0	0	0	1	0	0	0	1	1	1
ZNF184	0	0	0	0	1	0	0	0	1	1	1
ZNF251	0	0	0	0	1	0	0	0	1	1	1
ZNF254	0	0	0	0	1	0	0	0	1	1	1
ZNF280C	1	0	0	0	0	0	0	0	1	1	1
ZNF417	0	0	0	0	1	0	0	0	1	1	1
ZNF423	0	0	0	0	1	0	0	0	1	1	1
ZNF43	0	0	0	0	1	0	0	0	1	1	1
ZNF480	0	0	0	0	0	1	0	0	1	1	1
ZNF558	0	0	0	0	1	0	0	0	1	1	1
ZNF560	0	0	0	0	1	0	0	0	1	1	1
ZNF563	0	1	0	0	0	0	0	0	1	1	1
ZNF570	0	0	0	0	1	0	0	0	1	1	1
ZNF598	0	0	1	0	0	0	0	0	1	1	1
ZNF608	0	0	1	0	0	0	0	0	1	1	1
ZNF638	0	0	0	0	1	0	0	0	1	1	1
ZNF672	0	0	0	0	1	0	0	0	1	1	1
ZNF679	0	0	0	0	0	1	0	0	1	1	1
ZNF737	0	0	0	0	1	0	0	0	1	1	1
ZNF765	0	0	0	0	1	0	0	0	1	1	1
ZNF770	0	0	0	0	1	0	0	0	1	1	1
ZNF778	0	0	0	0	1	0	0	0	1	1	1
ZNF804B	0	0	0	0	1	0	0	0	1	1	1
ZNF821	0	0	0	0	1	0	0	0	1	1	1
ZNF831	0	1	0	0	0	0	0	0	1	1	1
ZNF841	0	0	0	0	1	0	0	0	1	1	1
ZNF844	0	0	0	0	1	0	0	0	1	1	1
ZNF850	0	0	0	0	1	0	0	0	1	1	1
ZNF860	0	0	0	0	1	0	0	0	1	1	1
ZP4	0	0	0	0	1	0	0	0	1	1	1
ZSWIM2	0	0	0	0	1	0	0	0	1	1	1
ZSWIM8	1	0	0	0	0	0	0	0	1	1	1
ZZEF1	1	0	0	0	0	0	0	0	1	1	1
