chr	st	Sample1.ref	Sample1.var	Sample1.vaf	Sample1.cn	Sample1.cleancn	Sample1.depth	Sample2.ref	Sample2.var	Sample2.vaf	Sample2.cn	Sample2.cleancn	Sample2.depth	adequateDepth	cluster	cluster.prob.1	cluster.prob.2	cluster.prob.3	cluster.prob.4	cluster.prob.5
1	4479383	336	65	16.2094763092269	2.26922552952336	NA	401	186	28	13.0841121495327	2.13420683409941	2	214	1	NA	NA	NA	NA	NA	NA
1	6575255	93	0	0	2.26922552952336	NA	93	48	0	0	2.13420683409941	2	48	0	NA	NA	NA	NA	NA	NA
1	7083445	215	76	26.1168384879725	2.26922552952336	NA	291	111	20	15.2671755725191	2.13420683409941	2	131	1	NA	NA	NA	NA	NA	NA
1	8476489	182	32	14.9532710280374	2.26922552952336	NA	214	106	8	7.01754385964912	2.13420683409941	2	114	1	NA	NA	NA	NA	NA	NA
1	8541331	166	27	13.9896373056995	2.26922552952336	NA	193	82	8	8.88888888888889	2.13420683409941	2	90	0	NA	NA	NA	NA	NA	NA
1	9764550	373	147	28.2692307692308	2.26922552952336	NA	520	157	42	21.105527638191	2.13420683409941	2	199	1	NA	NA	NA	NA	NA	NA
1	11809153	444	11	2.41758241758242	2.26922552952336	NA	455	200	9	4.30622009569378	2.13420683409941	2	209	1	NA	NA	NA	NA	NA	NA
1	27235284	149	12	7.45341614906832	2.26922552952336	NA	161	74	11	12.9411764705882	2.00305217416952	2	85	0	NA	NA	NA	NA	NA	NA
1	33789098	249	108	30.2521008403361	2.26922552952336	NA	357	114	22	16.1764705882353	2.00110934303567	2	136	1	NA	NA	NA	NA	NA	NA
1	33983950	217	29	11.7886178861789	2.26922552952336	NA	246	141	16	10.1910828025478	2.00110934303567	2	157	1	NA	NA	NA	NA	NA	NA
1	36854873	139	51	26.8421052631579	2.26922552952336	NA	190	93	26	21.8487394957983	2.00110934303567	2	119	1	NA	NA	NA	NA	NA	NA
1	38985851	236	32	11.9402985074627	2.26922552952336	NA	268	128	26	16.8831168831169	2.00110934303567	2	154	1	NA	NA	NA	NA	NA	NA
1	39916754	609	58	8.69565217391304	2.26922552952336	NA	667	268	36	11.8421052631579	2.00110934303567	2	304	1	NA	NA	NA	NA	NA	NA
1	40203400	70	42	37.5	2.26922552952336	NA	112	30	8	21.0526315789474	2.00110934303567	2	38	0	NA	NA	NA	NA	NA	NA
1	41821625	173	26	13.0653266331658	2.26922552952336	NA	199	71	9	11.25	2.00110934303567	2	80	0	NA	NA	NA	NA	NA	NA
1	47755262	542	62	10.2649006622517	2.26922552952336	NA	604	282	26	8.44155844155844	2.06122214862481	2	308	1	NA	NA	NA	NA	NA	NA
1	48442033	140	50	26.3157894736842	2.26922552952336	NA	190	128	37	22.4242424242424	2.06122214862481	2	165	1	NA	NA	NA	NA	NA	NA
1	56418080	164	77	31.9502074688797	2.23147864464993	2	241	102	19	15.702479338843	2.06122214862481	2	121	1	2	0.0107938626445806	0.989205935993338	2.04361659952697e-07	1.0000000000311e-09	1.00042164235418e-09
1	57199983	101	40	28.3687943262411	2.23147864464993	2	141	53	22	29.3333333333333	2.06122214862481	2	75	0	NA	NA	NA	NA	NA	NA
1	58101782	600	293	32.8107502799552	2.23147864464993	2	893	343	122	26.2365591397849	2.06122214862481	2	465	1	1	0.962839062637063	0.0371609393299842	1.03295260890339e-09	1e-09	1.00000000000023e-09
1	62930267	539	40	6.90846286701209	2.23147864464993	2	579	269	30	10.0334448160535	2.09696095647231	2	299	1	4	1e-09	1.00003867527623e-09	0.0750490161048365	0.923849027020977	0.00110195987414793
1	68500360	408	27	6.20689655172414	2.23147864464993	2	435	146	20	12.0481927710843	2.11726228428288	2	166	1	4	1e-09	1.00001152617126e-09	0.0224345354162749	0.977502296088959	6.3171494754595e-05
1	69948596	178	12	6.31578947368421	2.23147864464993	2	190	78	10	11.3636363636364	2.11726228428288	2	88	0	NA	NA	NA	NA	NA	NA
1	72026571	384	23	5.65110565110565	2.21560392593997	2	407	194	20	9.34579439252336	2.12682303938246	2	214	1	4	1e-09	1.00000003657591e-09	0.0107763783652526	0.986395659038673	0.0028279655960746
1	73184541	106	36	25.3521126760563	2.21560392593997	2	142	89	23	20.5357142857143	2.12682303938246	2	112	1	2	0.0554249064476991	0.944554128833668	2.09677186235207e-05	1.00000116965108e-09	1.00000834069269e-09
1	77300323	219	28	11.336032388664	2.21560392593997	2	247	150	9	5.66037735849057	2.1156485677386	2	159	1	3	1e-09	1.01073635329169e-09	0.823961946936993	0.00167079406804817	0.174367261984222
1	78800243	371	69	15.6818181818182	2.21560392593997	2	440	194	19	8.92018779342723	2.07743019365595	2	213	1	3	1.00000428423141e-09	1.08441801731521e-05	0.999532191531398	6.40890775045365e-05	0.000392879210920203
1	79303714	304	39	11.3702623906706	2.21560392593997	2	343	182	30	14.1509433962264	2.07743019365595	2	212	1	3	1.00000340710726e-09	1.41112309106762e-06	0.984131461359344	0.0158656308055806	1.50071198098385e-06
1	79321524	360	49	11.9804400977995	2.21560392593997	2	409	197	32	13.9737991266376	2.07743019365595	2	229	1	3	1.0000190731636e-09	4.06014311071208e-06	0.992552535098125	0.00744199445881743	1.41429992776593e-06
1	80277806	304	147	32.5942350332594	2.21560392593997	2	451	179	51	22.1739130434783	2.07743019365595	2	230	1	1	0.67652638738643	0.323473613354609	2.25896120207998e-09	1e-09	1.00000000122878e-09
1	86984540	340	18	5.02793296089385	2.21560392593997	2	358	137	20	12.7388535031847	2.07743019365595	2	157	1	4	1e-09	1.00000003878358e-09	0.00285837131252591	0.997113653907191	2.79777802833616e-05
1	91961139	167	11	6.17977528089888	2.21560392593997	2	178	128	5	3.7593984962406	2.07743019365595	2	133	1	5	1e-09	1.00000000000011e-09	0.00108197696997036	0.000258536872040315	0.998659489157989
1	92424503	221	82	27.0627062706271	2.21560392593997	2	303	133	32	19.3939393939394	2.07743019365595	2	165	1	2	0.0490902688852782	0.950904762828705	4.97128600330587e-06	1.00000006474528e-09	1.00001394107284e-09
1	94107552	254	110	30.2197802197802	2.21560392593997	2	364	115	47	29.0123456790123	2.07743019365595	2	162	1	1	0.9824693106793	0.0175306911851689	1.13553082962217e-09	1e-09	1.00000000000001e-09
1	96287522	190	24	11.214953271028	2.21560392593997	2	214	136	5	3.54609929078014	2.07743019365595	2	141	1	5	1e-09	1.00000117642952e-09	0.0773202699383455	6.71960820553362e-06	0.922673013453448
1	97176538	247	77	23.7654320987654	2.21560392593997	2	324	201	41	16.9421487603306	2.07743019365595	2	242	1	2	0.00160817210003327	0.997476677377896	0.000915153500397093	1.00175417647768e-09	1.01991904467226e-09
1	99100175	34	1	2.85714285714286	2.21560392593997	2	35	41	0	0	2.07268374010134	2	41	0	NA	NA	NA	NA	NA	NA
1	102458015	115	56	32.7485380116959	2.21560392593997	2	171	127	59	31.7204301075269	2.07268374010134	2	186	1	1	0.997525678896995	0.00247432310215283	1.00085260007982e-09	1e-09	1e-09
1	103381246	304	30	8.98203592814371	2.21560392593997	2	334	160	6	3.6144578313253	2.07268374010134	2	166	1	5	1e-09	1.0000000030819e-09	0.0207915248730454	4.59873114543832e-05	0.9791624908155
1	104286542	238	121	33.7047353760446	2.21560392593997	2	359	170	65	27.6595744680851	2.07268374010134	2	235	1	1	0.985616148245779	0.0143838537506261	1.00359534458781e-09	1e-09	1.00000000000001e-09
1	104475462	470	228	32.6647564469914	2.21560392593997	2	698	269	87	24.438202247191	2.07268374010134	2	356	1	1	0.898562999942487	0.101437001885753	1.17176002301747e-09	1e-09	1.00000000001049e-09
1	104669786	162	59	26.6968325791855	2.21560392593997	2	221	131	38	22.4852071005917	2.07268374010134	2	169	1	2	0.282648701434937	0.717349739309374	1.56225568872543e-06	1.00000000570748e-09	1.00000008576688e-09
1	105211992	151	73	32.5892857142857	2.21560392593997	2	224	99	37	27.2058823529412	2.07268374010134	2	136	1	1	0.97659514718862	0.0234048547905574	1.02082281928045e-09	1e-09	1.00000000000004e-09
1	106386592	392	9	2.24438902743142	2.21560392593997	2	401	242	3	1.22448979591837	2.07268374010134	2	245	1	5	1e-09	1e-09	1.00727451003833e-09	1.00044557518797e-09	1.00000000099228
1	107600694	154	20	11.4942528735632	2.21560392593997	2	174	71	20	21.978021978022	2.07268374010134	2	91	0	NA	NA	NA	NA	NA	NA
1	109700781	342	149	30.3462321792261	2.21560392593997	2	491	182	36	16.5137614678899	2.16925551951204	2	218	1	2	0.0145498935431387	0.985449442872949	6.66583673385682e-07	1.00000000055705e-09	1.00023891796494e-09
1	119227416	277	55	16.566265060241	2.21560392593997	2	332	217	33	13.2	2.23256162755369	2	250	1	3	2.48900719786838e-09	0.00484348194151578	0.9951277626451	2.75439033331646e-05	1.21402104442733e-06
1	120329507	159	18	10.1694915254237	2.21560392593997	2	177	112	10	8.19672131147541	2.23256162755369	2	122	1	3	1.00000000000002e-09	1.14793866160813e-09	0.937279534243686	0.0548663717537379	0.0078540968546373
1	145575422	222	13	5.53191489361702	2.32221250684519	NA	235	108	5	4.42477876106195	2.16730170257655	2	113	1	NA	NA	NA	NA	NA	NA
1	148116921	118	19	13.8686131386861	2.32221250684519	NA	137	63	3	4.54545454545455	2.16730170257655	2	66	0	NA	NA	NA	NA	NA	NA
1	151890811	182	76	29.4573643410853	2.32221250684519	NA	258	71	33	31.7307692307692	2.16730170257655	2	104	1	NA	NA	NA	NA	NA	NA
1	154704885	271	32	10.5610561056106	2.32221250684519	NA	303	102	19	15.702479338843	2.16730170257655	2	121	1	NA	NA	NA	NA	NA	NA
1	156322051	223	7	3.04347826086957	2.32221250684519	NA	230	132	9	6.38297872340425	2.16730170257655	2	141	1	NA	NA	NA	NA	NA	NA
1	158787100	172	6	3.37078651685393	2.32221250684519	NA	178	104	3	2.80373831775701	2.16730170257655	2	107	1	NA	NA	NA	NA	NA	NA
1	159524520	212	97	31.3915857605178	2.32221250684519	NA	309	145	40	21.6216216216216	2.16730170257655	2	185	1	NA	NA	NA	NA	NA	NA
1	160374080	604	82	11.9533527696793	2.32221250684519	NA	686	327	49	13.031914893617	2.16730170257655	2	376	1	NA	NA	NA	NA	NA	NA
1	160591815	240	43	15.1943462897526	2.32221250684519	NA	283	95	16	14.4144144144144	2.16730170257655	2	111	1	NA	NA	NA	NA	NA	NA
1	166401760	260	109	29.5392953929539	2.32221250684519	NA	369	138	49	26.2032085561497	2.16730170257655	2	187	1	NA	NA	NA	NA	NA	NA
1	166677569	500	75	13.0434782608696	2.32221250684519	NA	575	274	31	10.1639344262295	2.16730170257655	2	305	1	NA	NA	NA	NA	NA	NA
1	169878757	356	8	2.1978021978022	2.32221250684519	NA	364	213	13	5.75221238938053	2.22746073410113	2	226	1	NA	NA	NA	NA	NA	NA
1	172161279	187	83	30.7407407407407	2.32221250684519	NA	270	112	41	26.797385620915	2.22746073410113	2	153	1	NA	NA	NA	NA	NA	NA
1	174016623	357	143	28.6	2.32221250684519	NA	500	168	59	25.9911894273128	2.22746073410113	2	227	1	NA	NA	NA	NA	NA	NA
1	174811282	238	14	5.55555555555556	2.32221250684519	NA	252	157	17	9.77011494252874	2.22746073410113	2	174	1	NA	NA	NA	NA	NA	NA
1	175287608	268	16	5.63380281690141	2.32221250684519	NA	284	140	13	8.49673202614379	2.22746073410113	2	153	1	NA	NA	NA	NA	NA	NA
1	177338119	125	73	36.8686868686869	2.32221250684519	NA	198	96	19	16.5217391304348	2.22746073410113	2	115	1	NA	NA	NA	NA	NA	NA
1	178003475	171	24	12.3076923076923	2.32221250684519	NA	195	88	13	12.8712871287129	2.22746073410113	2	101	1	NA	NA	NA	NA	NA	NA
1	180167082	701	51	6.78191489361702	2.32221250684519	NA	752	317	26	7.5801749271137	2.22746073410113	2	343	1	NA	NA	NA	NA	NA	NA
1	183204460	205	28	12.0171673819742	2.32221250684519	NA	233	147	21	12.5	2.22746073410113	2	168	1	NA	NA	NA	NA	NA	NA
1	183529863	156	23	12.8491620111732	2.32221250684519	NA	179	106	14	11.6666666666667	2.22746073410113	2	120	1	NA	NA	NA	NA	NA	NA
1	184805317	400	15	3.6144578313253	2.32221250684519	NA	415	254	21	7.63636363636364	2.22746073410113	2	275	1	NA	NA	NA	NA	NA	NA
1	189881844	296	33	10.0303951367781	2.32221250684519	NA	329	186	14	7	2.22746073410113	2	200	1	NA	NA	NA	NA	NA	NA
1	189943376	186	9	4.61538461538462	2.32221250684519	NA	195	124	15	10.7913669064748	2.22746073410113	2	139	1	NA	NA	NA	NA	NA	NA
1	191004800	184	11	5.64102564102564	2.32221250684519	NA	195	128	12	8.57142857142857	2.22746073410113	2	140	1	NA	NA	NA	NA	NA	NA
1	197409671	799	23	2.79805352798054	2.3212469266148	NA	822	382	15	3.77833753148615	2.17799403067221	2	397	1	NA	NA	NA	NA	NA	NA
1	199041026	287	6	2.04778156996587	2.3212469266148	NA	293	151	4	2.58064516129032	2.17799403067221	2	155	1	NA	NA	NA	NA	NA	NA
1	200838284	93	12	11.4285714285714	2.3212469266148	NA	105	26	6	18.75	2.17799403067221	2	32	0	NA	NA	NA	NA	NA	NA
1	202294553	358	152	29.8039215686275	2.3212469266148	NA	510	174	65	27.1966527196653	2.17799403067221	2	239	1	NA	NA	NA	NA	NA	NA
1	202381313	149	80	34.9344978165939	2.3212469266148	NA	229	94	32	25.3968253968254	2.17799403067221	2	126	1	NA	NA	NA	NA	NA	NA
1	202624347	481	80	14.2602495543672	2.3212469266148	NA	561	227	33	12.6923076923077	2.17799403067221	2	260	1	NA	NA	NA	NA	NA	NA
1	203156119	437	234	34.8733233979136	2.3212469266148	NA	671	208	68	24.6376811594203	2.17799403067221	2	276	1	NA	NA	NA	NA	NA	NA
1	212025624	585	25	4.0983606557377	2.3212469266148	NA	610	274	7	2.49110320284698	2.17799403067221	2	281	1	NA	NA	NA	NA	NA	NA
1	212198181	200	26	11.5044247787611	2.3212469266148	NA	226	92	10	9.80392156862745	2.17799403067221	2	102	1	NA	NA	NA	NA	NA	NA
1	217178223	613	57	8.50746268656716	2.3212469266148	NA	670	378	31	7.57946210268949	2.17799403067221	2	409	1	NA	NA	NA	NA	NA	NA
1	217585085	51	9	15	2.3212469266148	NA	60	130	22	14.4736842105263	2.17799403067221	2	152	0	NA	NA	NA	NA	NA	NA
1	218649648	127	46	26.5895953757225	2.3212469266148	NA	173	89	21	19.0909090909091	2.17799403067221	2	110	1	NA	NA	NA	NA	NA	NA
1	224656985	377	155	29.1353383458647	2.31754925363041	NA	532	161	61	27.4774774774775	2.17799403067221	2	222	1	NA	NA	NA	NA	NA	NA
1	224930094	288	75	20.6611570247934	2.31754925363041	NA	363	150	13	7.97546012269939	2.17799403067221	2	163	1	NA	NA	NA	NA	NA	NA
1	225233896	125	16	11.3475177304965	2.31754925363041	NA	141	55	13	19.1176470588235	2.17799403067221	2	68	0	NA	NA	NA	NA	NA	NA
1	227408032	151	72	32.2869955156951	2.31754925363041	NA	223	109	30	21.5827338129496	2.17799403067221	2	139	1	NA	NA	NA	NA	NA	NA
1	228310331	225	28	11.0671936758893	2.31754925363041	NA	253	109	15	12.0967741935484	2.17799403067221	2	124	1	NA	NA	NA	NA	NA	NA
1	228400428	179	52	22.5108225108225	2.31754925363041	NA	231	93	16	14.6788990825688	2.17799403067221	2	109	1	NA	NA	NA	NA	NA	NA
1	231216514	307	57	15.6593406593407	2.31754925363041	NA	364	164	24	12.7659574468085	2.17799403067221	2	188	1	NA	NA	NA	NA	NA	NA
1	231657751	460	205	30.8270676691729	2.31754925363041	NA	665	215	70	24.5614035087719	2.17799403067221	2	285	1	NA	NA	NA	NA	NA	NA
1	233459906	91	16	14.9532710280374	2.31754925363041	NA	107	67	10	12.987012987013	2.129921116556	2	77	0	NA	NA	NA	NA	NA	NA
1	235697211	30	5	14.2857142857143	2.31754925363041	NA	35	23	3	11.5384615384615	2.129921116556	2	26	0	NA	NA	NA	NA	NA	NA
1	236874806	155	27	14.8351648351648	2.31754925363041	NA	182	103	13	11.2068965517241	2.129921116556	2	116	1	NA	NA	NA	NA	NA	NA
1	237151474	266	8	2.91970802919708	2.31754925363041	NA	274	161	1	0.617283950617284	2.129921116556	2	162	1	NA	NA	NA	NA	NA	NA
1	242304504	137	57	29.3814432989691	2.31754925363041	NA	194	78	33	29.7297297297297	2.129921116556	2	111	1	NA	NA	NA	NA	NA	NA
1	243075341	61	24	28.2352941176471	2.31754925363041	NA	85	54	13	19.4029850746269	2.129921116556	2	67	0	NA	NA	NA	NA	NA	NA
1	243446695	530	100	15.8730158730159	2.31754925363041	NA	630	262	32	10.8843537414966	2.129921116556	2	294	1	NA	NA	NA	NA	NA	NA
