chr	st	Sample1.ref	Sample1.var	Sample1.vaf	Sample1.cn	Sample1.cleancn	Sample1.depth	adequateDepth	cluster	cluster.prob.1	cluster.prob.2	cluster.prob.3
1	4479383	336	65	16.2094763092269	2	2	401	1	2	9.44853945933598e-05	0.99976522970281	0.000140287902596684
1	6575255	93	0	0	2	2	93	0	NA	NA	NA	NA
1	7083445	215	76	26.1168384879725	2	2	291	1	1	0.99915651937786	0.000843482374770621	1.24736898650641e-09
1	8476489	182	32	14.9532710280374	2	2	214	1	2	5.74503360508947e-06	0.999616910858223	0.000377347108171819
1	8541331	166	27	13.9896373056995	2	2	193	1	2	5.66310053753812e-07	0.999152766082542	0.000846670607404805
1	9764550	373	147	28.2692307692308	2	2	520	1	1	0.999941230624309	5.87713699398392e-05	1.00575115734529e-09
1	11809153	444	11	2.41758241758242	2	2	455	1	3	1e-09	2.7652665238231e-06	0.999997236733476
1	27235284	149	12	7.45341614906832	2	2	161	1	3	1.00000006122226e-09	0.428089859881885	0.571910142118115
1	33789098	249	108	30.2521008403361	2	2	357	1	1	0.999993902651977	6.09934779509204e-06	1.00022792783711e-09
1	33983950	217	29	11.7886178861789	2	2	246	1	2	2.42462764568622e-09	0.993480640315286	0.0065193602600861
1	36854873	139	51	26.8421052631579	2	2	190	1	1	0.999664927346054	0.000335074586514949	1.06743104050507e-09
1	38985851	236	32	11.9402985074627	2	2	268	1	2	3.2304635965724e-09	0.994391850456667	0.00560814931286891
1	39916754	609	58	8.69565217391304	2	2	667	1	2	1.0000266934234e-09	0.813929316817374	0.186070685182599
1	40203400	70	42	37.5	2	2	112	1	1	0.999999995763491	6.23650857915517e-09	1.00000000777644e-09
1	41821625	173	26	13.0653266331658	2	2	199	1	2	5.30750755052499e-08	0.998075036334914	0.00192491359001042
1	47755262	542	62	10.2649006622517	2	2	604	1	2	1.01084374192697e-09	0.967682951217422	0.0323170507717346
1	48442033	140	50	26.3157894736842	2	2	190	1	1	0.999346979434331	0.00065302239307709	1.17259155421219e-09
1	56418080	164	77	31.9502074688797	2	2	241	1	1	0.999999006547778	9.9545220487519e-07	1.00001682143849e-09
1	57199983	101	40	28.3687943262411	2	2	141	1	1	0.999947764716852	5.22372782821453e-05	1.00486550043686e-09
1	58101782	600	293	32.8107502799552	2	2	893	1	1	0.999999587882134	4.14117861511865e-07	1.00000472192154e-09
1	62930267	539	40	6.90846286701209	2	2	579	1	3	1.00000000235012e-09	0.240021370808237	0.759978631191763
1	68500360	408	27	6.20689655172414	2	2	435	1	3	1.0000000000191e-09	0.0860287900508346	0.913971211949165
1	69948596	178	12	6.31578947368421	2	2	190	1	3	1.00000000004222e-09	0.102753430425952	0.897246571574048
1	72026571	384	23	5.65110565110565	2	2	407	1	3	1.00000000000025e-09	0.0317390932054745	0.968260908794525
1	73184541	106	36	25.3521126760563	2	2	142	1	1	0.997700323193404	0.00229967779526106	2.01133453393216e-09
1	77300323	219	28	11.336032388664	2	2	247	1	2	1.36033716968228e-09	0.989686097602542	0.0103139040371204
1	78800243	371	69	15.6818181818182	2	2	440	1	2	2.99837036903838e-05	0.99975916973125	0.000210849565060076
1	79303714	304	39	11.3702623906706	2	2	343	1	2	1.40062219497064e-09	0.990042786399963	0.00995721519941507
1	79321524	360	49	11.9804400977995	2	2	409	1	2	3.50891808948586e-09	0.994609488795118	0.00539051069596347
1	80277806	304	147	32.5942350332594	2	2	451	1	1	0.999999486959198	5.15040795106543e-07	1.0000064806973e-09
1	86984540	340	18	5.02793296089385	2	2	358	1	3	1e-09	0.00879063393413762	0.991209368065862
1	91961139	167	11	6.17977528089888	2	2	178	1	3	1.00000000001564e-09	0.082226741122455	0.917773260877545
1	92424503	221	82	27.0627062706271	2	2	303	1	1	0.999745621416588	0.000254380537695796	1.0457158668813e-09
1	94107552	254	110	30.2197802197802	2	2	364	1	1	0.999993681606836	6.32039292441352e-06	1.00023984441811e-09
1	96287522	190	24	11.214953271028	2	2	214	1	2	1.24700738124545e-09	0.988310991563266	0.0116890101897266
1	97176538	247	77	23.7654320987654	2	2	324	1	1	0.979778494897955	0.0202214858829607	2.22190837733538e-08
1	99100175	34	1	2.85714285714286	2	2	35	0	NA	NA	NA	NA
1	102458015	115	56	32.7485380116959	2	2	171	1	1	0.999999561178379	4.40821615961194e-07	1.0000051705756e-09
1	103381246	304	30	8.98203592814371	2	2	334	1	2	1.00008867506554e-09	0.864054168617944	0.135945833381967
1	104286542	238	121	33.7047353760446	2	2	359	1	1	0.999999830599353	1.71400646171473e-07	1.00000130442323e-09
1	104475462	470	228	32.6647564469914	2	2	698	1	1	0.99999952236733	4.79632664512496e-07	1.00000584439634e-09
1	104669786	162	59	26.6968325791855	2	2	221	1	1	0.99959773198857	0.000402269924183447	1.0872461225775e-09
1	105211992	151	73	32.5892857142857	2	2	224	1	1	0.99999948437464	5.17625353723567e-07	1.00000652792467e-09
1	106386592	392	9	2.24438902743142	2	2	401	1	3	1e-09	1.22905795900319e-06	0.999998772942041
1	107600694	154	20	11.4942528735632	2	2	174	1	2	1.58645085051499e-09	0.99122857317221	0.00877142824133962
1	109700781	342	149	30.3462321792261	2	2	491	1	1	0.999994502038013	5.49996178994777e-06	1.0001965479173e-09
1	119227416	277	55	16.566265060241	2	2	332	1	2	0.000200884119125556	0.999691949938484	0.000107168942390789
1	120329507	159	18	10.1694915254237	2	2	177	1	2	1.00778345104809e-09	0.964094850411943	0.0359051515802738
1	145575422	222	13	5.53191489361702	2	2	235	1	3	1.00000000000009e-09	0.0251610090399366	0.974838992960063
1	148116921	118	19	13.8686131386861	2	2	137	1	2	4.18617829915751e-07	0.999059327069704	0.000940257312466439
1	151890811	182	76	29.4573643410853	2	2	258	1	1	0.999985181828735	1.48201704541177e-05	1.00081047339401e-09
1	154704885	271	32	10.5610561056106	2	2	303	1	2	1.02969704035867e-09	0.976612631670145	0.0233873703001581
1	156322051	223	7	3.04347826086957	2	2	230	1	3	1e-09	3.43857949193956e-05	0.999965616205081
1	158787100	172	6	3.37078651685393	2	2	178	1	3	1e-09	0.000105678290022041	0.999894323709978
1	159524520	212	97	31.3915857605178	2	2	309	1	1	0.999998216796727	1.78520323395893e-06	1.00003905826602e-09
1	160374080	604	82	11.9533527696793	2	2	686	1	2	3.31755484173135e-09	0.994463641566533	0.00553635811591245
1	160591815	240	43	15.1943462897526	2	2	283	1	2	1.00154038376499e-05	0.999679556557614	0.000310431038547784
1	166401760	260	109	29.5392953929539	2	2	369	1	1	0.999986494471672	1.35075276178424e-05	1.00071003951176e-09
1	166677569	500	75	13.0434782608696	2	2	575	1	2	5.01180728809669e-08	0.998036135158134	0.00196381772379336
1	169878757	356	8	2.1978021978022	2	2	364	1	3	1e-09	9.77963791480261e-07	0.999999024036209
1	172161279	187	83	30.7407407407407	2	2	270	1	1	0.999996423052321	3.57894757262579e-06	1.00010615418573e-09
1	174016623	357	143	28.6	2	2	500	1	1	0.999960203053687	3.97989430060995e-05	1.00330687398912e-09
1	174811282	238	14	5.55555555555556	2	2	252	1	3	1.00000000000012e-09	0.0263603492229188	0.973639652777081
1	175287608	268	16	5.63380281690141	2	2	284	1	3	1.00000000000022e-09	0.0306988040524511	0.969301197947549
1	177338119	125	73	36.8686868686869	2	2	198	1	1	0.999999991920619	1.00793812765008e-08	1.00000001760242e-09
1	178003475	171	24	12.3076923076923	2	2	195	1	2	7.44840584690057e-09	0.996080330847684	0.00391966470391053
1	180167082	701	51	6.78191489361702	2	2	752	1	3	1.00000000103879e-09	0.203902344382847	0.796097657617153
1	183204460	205	28	12.0171673819742	2	2	233	1	2	3.79302947651033e-09	0.994800709914544	0.00519928929242637
1	183529863	156	23	12.8491620111732	2	2	179	1	2	3.00724086626618e-08	0.997650662824587	0.00234931010300409
1	184805317	400	15	3.6144578313253	2	2	415	1	3	1e-09	0.000227994005247243	0.999772007994753
1	189881844	296	33	10.0303951367781	2	2	329	1	2	1.00476879438481e-09	0.95810215784983	0.0418978441454014
1	189943376	186	9	4.61538461538462	2	2	195	1	3	1e-09	0.003405326277464	0.996594675722536
1	191004800	184	11	5.64102564102564	2	2	195	1	3	1.00000000000023e-09	0.0311293505151019	0.968870651484898
1	197409671	799	23	2.79805352798054	2	2	822	1	3	1e-09	1.36758131654488e-05	0.999986326186834
1	199041026	287	6	2.04778156996587	2	2	293	1	3	1e-09	4.53173725681273e-07	0.999999548826274
1	200838284	93	12	11.4285714285714	2	2	105	1	2	1.47951273052992e-09	0.990620434251474	0.00937956726901354
1	202294553	358	152	29.8039215686275	2	2	510	1	1	0.999989971502755	1.00304967807806e-05	1.00046424929329e-09
1	202381313	149	80	34.9344978165939	2	2	229	1	1	0.999999948412461	5.35875390760645e-08	1.00000023418928e-09
1	202624347	481	80	14.2602495543672	2	2	561	1	2	1.10287656532843e-06	0.999327295916507	0.000671604206927556
1	203156119	437	234	34.8733233979136	2	2	671	1	1	0.999999945307676	5.66923239775789e-08	1.00000025472609e-09
1	212025624	585	25	4.0983606557377	2	2	610	1	3	1e-09	0.000913393957093133	0.999086608042907
1	212198181	200	26	11.5044247787611	2	2	226	1	2	1.60495712383794e-09	0.991318926508541	0.00868107488650147
1	217178223	613	57	8.50746268656716	2	2	670	1	2	1.00001172681016e-09	0.772764533298091	0.227235468701898
1	217585085	51	9	15	2	2	60	0	NA	NA	NA	NA
1	218649648	127	46	26.5895953757225	2	2	173	1	1	0.999539312364335	0.000460689530052365	1.10561225391357e-09
1	224656985	377	155	29.1353383458647	2	2	532	1	1	0.999978604399514	2.13975991176327e-05	1.00136795638546e-09
1	224930094	288	75	20.6611570247934	2	2	363	1	2	0.289271813184305	0.710723511773972	4.67804172289962e-06
1	225233896	125	16	11.3475177304965	2	2	141	1	2	1.37339525220191e-09	0.989807274781715	0.0101927268448897
1	227408032	151	72	32.2869955156951	2	2	223	1	1	0.999999298061058	7.03938931582616e-07	1.00001019180304e-09
1	228310331	225	28	11.0671936758893	2	2	253	1	2	1.15487827852701e-09	0.98636307233565	0.0136369295094714
1	228400428	179	52	22.5108225108225	2	2	231	1	1	0.884273484688045	0.115726268177253	2.50134702452288e-07
1	231216514	307	57	15.6593406593407	2	2	364	1	2	2.85276384257957e-05	0.999756879615798	0.00021459574577611
1	231657751	460	205	30.8270676691729	2	2	665	1	1	0.999996741541	3.26045890753737e-06	1.0000928616662e-09
1	233459906	91	16	14.9532710280374	2	2	107	1	2	5.74503360508947e-06	0.999616910858223	0.000377347108171819
1	235697211	30	5	14.2857142857143	2	2	35	0	NA	NA	NA	NA
1	236874806	155	27	14.8351648351648	2	2	182	1	2	4.36086290993187e-06	0.999580019192394	0.00041562294469617
1	237151474	266	8	2.91970802919708	2	2	274	1	3	1e-09	2.18045263758315e-05	0.999978197473624
1	242304504	137	57	29.3814432989691	2	2	194	1	1	0.999983847766321	1.61542327624533e-05	1.00091646980755e-09
1	243075341	61	24	28.2352941176471	2	2	85	0	NA	NA	NA	NA
1	243446695	530	100	15.8730158730159	2	2	630	1	2	4.5655719286108e-05	0.999772676637311	0.000181670643402421
